3 21 8
60 142
1 1 2
2 1 3
3 1 4
4 1 5
5 2 3
6 2 4
7 2 5
8 2 11
9 3 4
10 3 5
11 4 5
12 4 20
13 5 27
14 6 8
15 6 9
16 6 10
17 6 12
18 6 13
19 7 9
20 7 10
21 7 11
22 7 12
23 7 13
24 8 9
25 8 10
26 8 11
27 8 13
28 9 10
29 9 11
30 9 12
31 9 13
32 10 11
33 10 12
34 10 13
35 11 12
36 11 13
37 12 13
38 12 40
39 13 23
40 14 15
41 14 16
42 14 18
43 14 19
44 14 20
45 14 21
46 15 16
47 15 17
48 15 18
49 15 19
50 15 20
51 15 21
52 15 23
53 16 17
54 16 18
55 16 20
56 16 21
57 17 18
58 17 20
59 17 21
60 18 19
61 18 20
62 18 21
63 18 49
64 19 21
65 20 21
66 22 23
67 23 24
68 24 25
69 25 26
70 25 60
71 27 29
72 27 30
73 27 31
74 27 32
75 28 29
76 28 30
77 28 33
78 28 34
79 29 37
80 30 36
81 31 35
82 31 36
83 31 45
84 32 35
85 32 37
86 33 35
87 33 36
88 34 35
89 34 37
90 35 51
91 38 40
92 38 41
93 38 42
94 38 43
95 38 44
96 39 40
97 39 41
98 39 42
99 39 44
100 39 45
101 40 45
102 40 48
103 41 47
104 42 46
105 42 47
106 43 46
107 43 47
108 43 48
109 44 46
110 44 47
111 45 46
112 45 48
113 46 57
114 49 51
115 49 52
116 49 53
117 49 54
118 49 56
119 49 59
120 50 52
121 50 53
122 50 54
123 50 55
124 50 56
125 51 52
126 51 53
127 51 54
128 51 55
129 51 56
130 52 53
131 52 54
132 52 55
133 52 56
134 53 54
135 53 55
136 53 56
137 54 55
138 55 56
139 57 58
140 57 59
141 58 60
142 59 60
75 147
143 1 2
144 1 3
145 1 4
146 1 5
147 1 10
148 2 3
149 2 4
150 2 5
151 3 4
152 3 5
153 4 5
154 5 71
155 6 7
156 6 8
157 6 10
158 7 8
159 7 9
160 7 10
161 8 9
162 8 10
163 8 17
164 9 10
165 11 12
166 11 16
167 11 24
168 12 13
169 12 21
170 13 14
171 13 18
172 13 25
173 14 15
174 14 23
175 15 16
176 15 20
177 16 17
178 17 18
179 17 22
180 18 19
181 19 20
182 19 24
183 20 21
184 21 22
185 22 23
186 23 24
187 25 26
188 26 27
189 26 34
190 27 28
191 28 29
192 30 31
193 30 32
194 30 33
195 30 34
196 30 39
197 31 32
198 31 33
199 31 34
200 32 33
201 32 34
202 33 34
203 35 36
204 35 37
205 35 38
206 35 39
207 35 46
208 36 37
209 36 38
210 36 39
211 40 41
212 40 42
213 40 43
214 40 44
215 40 45
216 40 46
217 40 47
218 41 43
219 41 45
220 41 46
221 41 47
222 42 43
223 42 45
224 42 46
225 42 47
226 43 45
227 43 46
228 43 47
229 44 45
230 44 46
231 44 47
232 44 50
233 45 46
234 45 47
235 46 47
236 48 49
237 48 52
238 49 50
239 50 51
240 51 52
241 52 56
242 53 54
243 53 55
244 53 56
245 53 57
246 53 62
247 54 55
248 54 56
249 54 57
250 55 57
251 56 57
252 58 59
253 58 60
254 58 61
255 59 60
256 59 61
257 59 62
258 60 61
259 60 62
260 61 62
261 62 68
262 63 64
263 63 65
264 63 67
265 63 71
266 64 65
267 64 66
268 64 67
269 64 68
270 64 69
271 65 66
272 65 68
273 65 69
274 66 67
275 66 68
276 66 69
277 66 70
278 67 68
279 67 69
280 68 70
281 69 70
282 71 72
283 71 73
284 71 74
285 72 73
286 72 74
287 72 75
288 73 75
289 74 75
118 234
290 1 2
291 1 3
292 1 89
293 2 4
294 2 17
295 2 20
296 3 4
297 4 5
298 5 6
299 5 9
300 6 7
301 7 8
302 8 9
303 8 29
304 9 10
305 9 98
306 10 11
307 11 12
308 12 13
309 13 14
310 13 112
311 14 15
312 14 34
313 15 16
314 15 17
315 15 18
316 16 18
317 16 36
318 16 117
319 17 18
320 19 20
321 19 21
322 19 23
323 19 24
324 19 25
325 19 26
326 19 42
327 20 22
328 20 23
329 20 24
330 20 25
331 20 26
332 21 22
333 21 23
334 21 24
335 21 26
336 22 23
337 22 24
338 22 25
339 22 26
340 22 29
341 23 25
342 23 26
343 24 25
344 24 26
345 25 26
346 25 40
347 27 28
348 27 29
349 27 32
350 28 30
351 29 30
352 30 51
353 31 32
354 31 33
355 31 34
356 32 35
357 32 36
358 35 74
359 36 37
360 36 40
361 37 38
362 37 79
363 38 39
364 39 40
365 41 42
366 41 43
367 41 44
368 41 45
369 41 51
370 42 43
371 42 44
372 42 45
373 43 44
374 43 45
375 44 45
376 44 90
377 45 83
378 46 47
379 46 48
380 46 50
381 47 49
382 47 51
383 47 76
384 48 49
385 48 52
386 49 53
387 50 51
388 50 52
389 51 53
390 52 53
391 53 99
392 54 55
393 55 56
394 55 62
395 56 57
396 56 67
397 57 58
398 57 62
399 57 65
400 57 70
401 57 71
402 58 59
403 59 60
404 59 65
405 59 73
406 60 61
407 60 74
408 61 75
409 62 63
410 62 67
411 63 64
412 63 76
413 64 65
414 64 74
415 65 66
416 65 69
417 65 79
418 66 71
419 67 68
420 67 72
421 68 69
422 68 77
423 68 110
424 69 70
425 69 71
426 71 72
427 72 73
428 72 78
429 74 78
430 76 77
431 77 78
432 79 80
433 79 83
434 79 117
435 80 81
436 81 82
437 82 83
438 84 86
439 84 87
440 84 88
441 84 89
442 84 90
443 84 92
444 84 93
445 84 97
446 85 86
447 85 87
448 85 88
449 85 90
450 85 91
451 86 87
452 86 88
453 86 91
454 86 94
455 87 89
456 87 90
457 87 91
458 87 93
459 88 89
460 88 90
461 88 91
462 88 92
463 88 93
464 89 92
465 89 94
466 90 91
467 90 92
468 90 93
469 91 92
470 91 94
471 91 115
472 93 94
473 95 96
474 95 100
475 95 108
476 96 97
477 96 99
478 96 100
479 96 103
480 96 105
481 96 106
482 97 98
483 97 102
484 97 106
485 97 108
486 97 111
487 98 99
488 98 102
489 98 104
490 98 105
491 98 106
492 98 107
493 99 100
494 99 101
495 99 104
496 99 105
497 100 101
498 100 107
499 100 108
500 101 102
501 101 105
502 101 106
503 102 103
504 102 104
505 102 105
506 102 107
507 103 104
508 103 108
509 104 105
510 104 107
511 105 106
512 106 107
513 107 108
514 109 110
515 109 113
516 110 111
517 111 112
518 111 117
519 112 113
520 114 115
521 115 116
522 116 117
523 117 118
