2 46 25
121 233
1 1 3
2 1 4
3 1 5
4 1 6
5 1 118
6 2 3
7 2 4
8 2 7
9 2 8
10 3 11
11 4 10
12 4 82
13 5 9
14 5 10
15 6 9
16 6 11
17 7 9
18 7 10
19 8 9
20 8 11
21 9 18
22 11 30
23 11 32
24 12 13
25 12 14
26 12 16
27 12 117
28 13 15
29 13 17
30 13 20
31 14 15
32 14 18
33 14 32
34 15 19
35 16 17
36 16 18
37 17 19
38 17 57
39 18 19
40 20 22
41 20 23
42 20 24
43 20 25
44 20 34
45 20 108
46 21 22
47 21 23
48 21 26
49 21 27
50 22 30
51 22 39
52 23 29
53 24 28
54 24 29
55 25 28
56 25 30
57 26 28
58 26 29
59 27 28
60 27 30
61 31 32
62 31 33
63 31 34
64 31 35
65 31 72
66 31 118
67 32 33
68 32 34
69 32 35
70 32 63
71 32 109
72 33 34
73 33 35
74 33 38
75 33 79
76 33 116
77 34 35
78 34 82
79 34 89
80 34 94
81 35 104
82 36 37
83 36 38
84 36 39
85 36 40
86 36 42
87 36 43
88 37 38
89 37 39
90 37 41
91 37 42
92 37 43
93 38 39
94 38 41
95 38 42
96 38 43
97 38 121
98 39 40
99 39 42
100 39 43
101 40 41
102 40 42
103 40 43
104 41 42
105 41 43
106 42 43
107 44 45
108 45 46
109 45 52
110 46 47
111 46 57
112 47 48
113 47 60
114 48 49
115 49 50
116 49 63
117 50 51
118 50 64
119 51 65
120 52 53
121 52 57
122 53 54
123 53 66
124 54 55
125 54 64
126 55 56
127 57 58
128 58 59
129 58 67
130 59 60
131 59 61
132 61 62
133 62 63
134 62 68
135 64 68
136 66 67
137 67 68
138 69 70
139 69 71
140 69 73
141 70 72
142 70 74
143 71 72
144 71 75
145 72 76
146 73 74
147 73 75
148 74 76
149 74 85
150 75 76
151 77 78
152 77 79
153 77 80
154 77 81
155 78 79
156 78 80
157 78 105
158 79 80
159 79 81
160 80 81
161 81 82
162 82 83
163 82 84
164 82 85
165 82 86
166 82 110
167 83 84
168 83 86
169 84 85
170 84 86
171 85 86
172 86 95
173 87 88
174 87 89
175 87 90
176 87 91
177 88 89
178 88 90
179 88 91
180 89 90
181 89 91
182 90 91
183 92 93
184 92 96
185 93 94
186 93 113
187 94 95
188 95 96
189 96 111
190 97 99
191 97 100
192 97 101
193 97 102
194 98 99
195 98 100
196 98 103
197 98 104
198 99 107
199 100 106
200 101 105
201 101 106
202 102 105
203 102 107
204 103 105
205 103 106
206 104 105
207 104 107
208 108 109
209 108 110
210 108 111
211 109 110
212 109 111
213 110 111
214 112 113
215 112 114
216 112 115
217 112 116
218 113 114
219 113 115
220 113 116
221 114 115
222 114 116
223 115 116
224 117 118
225 117 119
226 117 120
227 117 121
228 118 119
229 118 120
230 118 121
231 119 120
232 119 121
233 120 121
163 323
234 1 2
235 1 3
236 1 5
237 2 4
238 2 5
239 2 6
240 2 7
241 2 8
242 2 124
243 3 4
244 3 6
245 3 7
246 3 8
247 3 42
248 3 52
249 4 5
250 4 7
251 4 8
252 4 120
253 5 6
254 5 7
255 5 117
256 6 7
257 6 8
258 7 8
259 7 29
260 9 10
261 9 11
262 9 16
263 10 13
264 10 22
265 11 12
266 11 17
267 12 15
268 12 18
269 13 14
270 13 21
271 14 15
272 14 20
273 15 19
274 16 28
275 16 33
276 17 29
277 17 32
278 18 23
279 18 31
280 19 24
281 19 30
282 20 25
283 20 36
284 21 26
285 21 35
286 22 27
287 22 34
288 23 26
289 23 27
290 24 27
291 24 28
292 25 28
293 25 29
294 26 29
295 30 32
296 30 35
297 30 37
298 31 33
299 31 36
300 32 34
301 33 35
302 34 36
303 34 144
304 35 71
305 37 38
306 37 39
307 37 40
308 37 41
309 38 40
310 38 41
311 38 91
312 41 47
313 41 157
314 42 43
315 42 44
316 42 46
317 42 47
318 42 48
319 42 49
320 43 44
321 43 46
322 43 48
323 43 49
324 43 121
325 44 45
326 44 46
327 44 47
328 44 48
329 44 49
330 45 46
331 45 47
332 45 48
333 45 160
334 46 47
335 46 48
336 46 49
337 47 48
338 47 49
339 47 99
340 48 49
341 50 51
342 50 53
343 50 54
344 50 100
345 51 52
346 51 54
347 52 53
348 52 54
349 52 103
350 53 54
351 53 86
352 55 57
353 55 58
354 55 75
355 55 99
356 56 58
357 56 59
358 56 76
359 57 59
360 57 77
361 57 155
362 58 78
363 59 69
364 60 62
365 60 63
366 60 79
367 61 63
368 61 64
369 61 80
370 62 64
371 62 81
372 63 75
373 64 74
374 65 67
375 65 68
376 65 82
377 66 68
378 66 69
379 66 83
380 67 69
381 67 84
382 68 85
383 70 72
384 70 73
385 70 85
386 71 73
387 71 74
388 71 86
389 72 74
390 72 87
391 73 88
392 73 113
393 75 76
394 75 81
395 76 77
396 77 78
397 78 82
398 79 80
399 79 88
400 80 81
401 81 89
402 81 128
403 82 83
404 83 84
405 84 85
406 85 86
407 86 87
408 87 88
409 89 90
410 89 93
411 90 91
412 90 128
413 91 92
414 92 93
415 92 95
416 92 118
417 94 95
418 94 96
419 94 98
420 94 99
421 94 101
422 95 97
423 95 99
424 95 115
425 95 123
426 96 97
427 96 100
428 97 98
429 97 100
430 97 101
431 98 99
432 98 100
433 99 101
434 100 101
435 102 103
436 102 106
437 102 147
438 103 104
439 103 120
440 104 105
441 105 106
442 105 110
443 105 126
444 107 108
445 107 109
446 107 111
447 108 110
448 108 112
449 108 114
450 108 156
451 109 110
452 109 111
453 109 112
454 109 113
455 110 111
456 110 114
457 111 112
458 111 113
459 111 114
460 112 114
461 113 114
462 113 115
463 113 132
464 115 116
465 115 117
466 115 118
467 115 119
468 115 123
469 116 117
470 116 119
471 116 154
472 117 118
473 117 119
474 118 119
475 120 121
476 120 122
477 120 161
478 121 123
479 122 123
480 122 132
481 124 125
482 124 126
483 124 127
484 124 128
485 125 126
486 125 127
487 125 128
488 126 127
489 126 128
490 126 163
491 127 128
492 127 141
493 129 130
494 129 131
495 129 136
496 130 131
497 130 135
498 130 137
499 130 140
500 131 132
501 131 142
502 131 151
503 131 153
504 132 133
505 132 141
506 132 145
507 132 146
508 132 149
509 133 134
510 133 153
511 134 135
512 134 137
513 134 148
514 134 152
515 135 136
516 135 149
517 136 145
518 136 150
519 136 152
520 137 138
521 137 142
522 138 139
523 138 151
524 139 140
525 139 145
526 139 149
527 140 141
528 140 143
529 141 145
530 141 151
531 141 153
532 142 143
533 142 149
534 143 144
535 143 152
536 144 145
537 144 146
538 146 147
539 147 148
540 147 153
541 147 158
542 149 152
543 149 153
544 150 151
545 151 152
546 152 153
547 154 155
548 154 158
549 155 156
550 155 160
551 156 157
552 157 158
553 159 160
554 159 161
555 159 162
556 159 163
