12 119 12
258 565
1 1 2
2 1 3
3 1 4
4 1 5
5 1 90
6 1 101
7 1 205
8 2 4
9 2 5
10 3 4
11 3 5
12 3 15
13 4 5
14 4 132
15 6 7
16 6 8
17 6 35
18 7 8
19 7 24
20 8 9
21 8 27
22 9 10
23 10 11
24 10 160
25 11 12
26 11 16
27 11 67
28 12 13
29 13 14
30 14 15
31 15 16
32 16 17
33 17 18
34 17 113
35 18 19
36 18 31
37 19 20
38 20 21
39 21 22
40 22 23
41 23 24
42 24 25
43 25 26
44 26 27
45 27 28
46 28 29
47 28 211
48 29 30
49 30 31
50 30 148
51 31 32
52 32 33
53 33 34
54 34 35
55 36 38
56 36 39
57 36 56
58 37 39
59 37 40
60 37 49
61 37 54
62 37 57
63 38 40
64 38 58
65 39 59
66 40 50
67 40 54
68 41 43
69 41 44
70 41 60
71 42 44
72 42 45
73 42 48
74 42 57
75 42 58
76 42 61
77 43 45
78 43 54
79 43 62
80 44 56
81 44 118
82 45 46
83 45 55
84 46 48
85 46 49
86 46 63
87 47 49
88 47 50
89 47 64
90 48 50
91 48 65
92 48 213
93 49 64
94 49 66
95 51 53
96 51 54
97 51 66
98 52 54
99 52 55
100 52 64
101 52 67
102 53 55
103 53 68
104 54 69
105 55 64
106 56 57
107 56 62
108 56 86
109 57 58
110 58 59
111 59 63
112 60 61
113 60 69
114 61 62
115 63 64
116 64 65
117 65 66
118 66 67
119 67 68
120 68 69
121 70 71
122 70 74
123 70 75
124 70 77
125 70 78
126 71 72
127 71 73
128 71 76
129 71 77
130 71 79
131 71 84
132 71 87
133 72 73
134 72 77
135 72 196
136 73 74
137 73 76
138 73 78
139 73 79
140 73 84
141 74 79
142 74 86
143 75 80
144 75 81
145 75 86
146 75 89
147 76 80
148 76 81
149 76 83
150 76 84
151 76 86
152 76 92
153 77 83
154 77 84
155 77 236
156 78 82
157 78 83
158 78 86
159 79 81
160 79 82
161 79 83
162 79 88
163 79 125
164 80 84
165 80 85
166 81 86
167 82 85
168 82 87
169 83 88
170 84 87
171 84 89
172 85 86
173 85 89
174 86 87
175 87 88
176 87 89
177 88 89
178 90 91
179 90 92
180 90 94
181 90 97
182 91 93
183 91 94
184 91 95
185 91 96
186 91 97
187 91 129
188 92 93
189 92 96
190 92 97
191 93 97
192 93 134
193 94 95
194 94 96
195 95 97
196 95 227
197 96 97
198 96 243
199 98 99
200 98 102
201 98 183
202 99 100
203 99 106
204 100 101
205 100 129
206 101 102
207 101 251
208 102 133
209 103 104
210 103 105
211 103 106
212 103 107
213 103 111
214 104 105
215 104 109
216 104 110
217 104 111
218 105 107
219 105 108
220 105 109
221 106 107
222 106 111
223 106 112
224 106 114
225 106 121
226 107 108
227 107 114
228 108 109
229 108 111
230 108 113
231 108 114
232 109 110
233 109 113
234 110 111
235 110 112
236 110 113
237 110 135
238 111 112
239 112 113
240 112 114
241 113 114
242 114 142
243 115 116
244 115 117
245 115 119
246 115 120
247 116 117
248 116 118
249 116 120
250 116 122
251 116 159
252 117 118
253 117 119
254 117 121
255 118 121
256 118 122
257 118 123
258 119 120
259 119 121
260 120 122
261 121 122
262 122 154
263 122 234
264 123 124
265 123 125
266 123 126
267 123 131
268 124 125
269 124 126
270 125 126
271 125 163
272 127 128
273 127 131
274 127 199
275 128 129
276 129 130
277 130 131
278 131 167
279 132 133
280 132 135
281 132 136
282 133 134
283 133 136
284 133 174
285 134 135
286 135 136
287 135 154
288 135 192
289 136 167
290 136 212
291 137 138
292 137 142
293 137 145
294 137 147
295 137 150
296 137 155
297 138 144
298 138 146
299 138 149
300 138 151
301 138 154
302 138 156
303 139 143
304 139 145
305 139 148
306 139 150
307 140 142
308 140 144
309 140 146
310 140 147
311 140 149
312 140 153
313 140 154
314 141 143
315 141 146
316 141 148
317 141 151
318 141 152
319 141 155
320 142 146
321 142 152
322 142 156
323 142 165
324 143 152
325 143 153
326 144 147
327 144 153
328 144 154
329 145 152
330 145 154
331 145 155
332 146 155
333 146 156
334 146 159
335 146 181
336 147 152
337 147 153
338 147 156
339 148 151
340 148 152
341 148 153
342 149 150
343 149 151
344 149 153
345 149 154
346 150 153
347 150 154
348 150 155
349 151 152
350 151 155
351 151 156
352 152 153
353 153 154
354 153 155
355 153 156
356 154 156
357 155 156
358 157 158
359 157 161
360 157 165
361 158 159
362 159 160
363 160 161
364 161 190
365 162 163
366 162 164
367 162 165
368 162 166
369 162 177
370 163 164
371 163 165
372 163 166
373 164 165
374 164 166
375 164 170
376 164 195
377 165 166
378 167 168
379 167 171
380 168 169
381 169 170
382 170 171
383 170 199
384 172 173
385 172 208
386 173 174
387 173 175
388 173 176
389 173 201
390 175 205
391 176 177
392 177 178
393 177 179
394 177 181
395 177 182
396 177 183
397 177 184
398 177 192
399 177 208
400 178 179
401 178 180
402 178 181
403 178 182
404 179 180
405 179 181
406 179 182
407 179 184
408 180 181
409 180 182
410 180 183
411 180 184
412 181 182
413 181 183
414 181 184
415 181 197
416 182 183
417 182 184
418 183 184
419 185 186
420 185 187
421 185 188
422 185 189
423 185 192
424 186 187
425 186 188
426 186 190
427 186 191
428 187 188
429 187 191
430 187 192
431 188 189
432 188 190
433 188 191
434 188 192
435 189 190
436 189 191
437 189 192
438 189 196
439 190 191
440 190 192
441 190 218
442 191 192
443 193 194
444 193 195
445 193 196
446 193 197
447 194 195
448 194 196
449 194 197
450 194 199
451 195 196
452 195 197
453 196 197
454 196 207
455 197 230
456 198 199
457 198 200
458 198 240
459 199 201
460 200 201
461 202 203
462 202 204
463 202 205
464 202 206
465 202 224
466 203 204
467 203 206
468 204 205
469 204 244
470 206 210
471 207 208
472 207 211
473 207 223
474 208 209
475 209 210
476 210 211
477 212 213
478 212 214
479 212 215
480 213 214
481 213 215
482 214 215
483 214 216
484 215 216
485 216 217
486 216 234
487 217 218
488 217 219
489 218 224
490 218 225
491 219 220
492 219 221
493 220 221
494 220 222
495 220 223
496 221 222
497 221 223
498 222 223
499 224 225
500 224 226
501 224 227
502 225 226
503 225 227
504 226 227
505 228 230
506 228 231
507 228 232
508 228 233
509 228 235
510 228 249
511 229 230
512 229 231
513 229 232
514 229 233
515 229 234
516 229 235
517 229 237
518 230 234
519 230 238
520 231 232
521 231 237
522 231 238
523 232 236
524 232 237
525 232 238
526 233 234
527 233 235
528 233 236
529 233 238
530 234 236
531 234 237
532 235 236
533 235 238
534 236 237
535 236 238
536 239 240
537 239 243
538 239 244
539 240 241
540 240 245
541 241 242
542 241 246
543 242 243
544 242 247
545 243 248
546 244 249
547 244 250
548 245 249
549 245 253
550 246 252
551 246 253
552 247 251
553 247 252
554 248 250
555 248 251
556 249 254
557 250 255
558 251 256
559 252 257
560 253 258
561 254 255
562 254 258
563 255 256
564 256 257
565 257 258
96 225
566 1 2
567 1 3
568 1 4
569 2 5
570 2 6
571 2 40
572 3 12
573 3 16
574 3 46
575 5 27
576 5 31
577 7 8
578 7 10
579 7 11
580 7 12
581 7 13
582 7 14
583 8 9
584 8 10
585 8 11
586 8 12
587 8 13
588 8 14
589 9 10
590 9 11
591 9 12
592 9 14
593 9 45
594 10 11
595 10 12
596 10 13
597 10 14
598 10 37
599 10 55
600 11 12
601 11 13
602 11 14
603 12 13
604 13 14
605 14 22
606 14 34
607 15 16
608 15 17
609 15 18
610 15 19
611 15 20
612 16 17
613 16 18
614 16 19
615 16 20
616 16 64
617 17 19
618 17 20
619 17 38
620 18 20
621 19 20
622 19 21
623 21 22
624 21 23
625 21 24
626 21 49
627 22 23
628 22 24
629 22 45
630 23 24
631 23 71
632 25 26
633 25 30
634 26 27
635 27 28
636 27 37
637 28 29
638 28 32
639 29 30
640 30 78
641 31 32
642 31 34
643 31 35
644 32 33
645 32 34
646 32 35
647 33 34
648 34 35
649 34 45
650 34 60
651 34 84
652 36 37
653 36 38
654 36 39
655 36 85
656 37 38
657 37 39
658 38 39
659 39 43
660 40 41
661 40 42
662 40 44
663 41 42
664 41 43
665 41 44
666 41 45
667 41 95
668 42 43
669 42 44
670 42 45
671 43 44
672 44 45
673 46 47
674 46 49
675 46 50
676 46 51
677 46 80
678 47 48
679 47 49
680 47 51
681 48 49
682 48 50
683 48 51
684 48 62
685 49 50
686 49 51
687 50 51
688 51 52
689 52 53
690 52 55
691 52 56
692 53 54
693 53 55
694 53 56
695 54 55
696 54 56
697 54 72
698 55 56
699 55 81
700 57 58
701 57 59
702 57 60
703 57 61
704 57 62
705 57 63
706 58 59
707 58 60
708 58 61
709 58 62
710 58 63
711 58 64
712 58 85
713 59 60
714 59 61
715 59 62
716 59 63
717 60 61
718 60 64
719 61 62
720 61 63
721 62 64
722 62 71
723 63 64
724 63 83
725 65 66
726 65 67
727 65 69
728 66 68
729 66 70
730 67 68
731 67 71
732 68 72
733 69 70
734 69 71
735 70 72
736 71 72
737 72 95
738 73 74
739 73 75
740 73 76
741 73 77
742 73 78
743 73 79
744 73 80
745 73 84
746 74 75
747 74 76
748 74 77
749 74 78
750 74 80
751 75 77
752 75 78
753 75 79
754 75 80
755 75 89
756 76 77
757 76 78
758 76 79
759 76 80
760 77 78
761 77 79
762 77 80
763 78 79
764 79 80
765 81 82
766 81 83
767 81 84
768 82 83
769 82 84
770 83 84
771 83 93
772 85 86
773 85 87
774 85 88
775 86 89
776 86 90
777 90 93
778 91 92
779 91 93
780 91 94
781 91 95
782 91 96
783 92 93
784 92 94
785 92 95
786 92 96
787 93 95
788 94 95
789 94 96
790 95 96
412 726
791 1 2
792 1 5
793 1 6
794 2 3
795 2 6
796 2 7
797 3 4
798 3 8
799 4 5
800 4 9
801 5 10
802 6 11
803 6 12
804 6 353
805 7 11
806 7 15
807 8 14
808 8 15
809 9 13
810 9 14
811 10 12
812 10 13
813 11 16
814 12 17
815 13 18
816 14 19
817 15 20
818 16 17
819 16 20
820 17 18
821 18 19
822 19 20
823 21 22
824 21 25
825 21 26
826 22 23
827 22 27
828 23 24
829 23 28
830 24 25
831 24 29
832 25 30
833 26 31
834 26 32
835 27 31
836 27 35
837 28 34
838 28 35
839 29 33
840 29 34
841 30 32
842 30 33
843 31 36
844 32 37
845 33 38
846 34 39
847 35 40
848 36 37
849 36 40
850 36 350
851 37 38
852 38 39
853 39 40
854 41 42
855 41 43
856 42 44
857 42 354
858 43 44
859 45 47
860 45 48
861 45 49
862 46 47
863 46 48
864 46 49
865 47 48
866 47 49
867 48 49
868 48 351
869 50 51
870 50 52
871 50 53
872 51 52
873 51 54
874 54 211
875 54 352
876 55 56
877 55 57
878 55 58
879 55 59
880 55 63
881 56 57
882 56 61
883 56 62
884 56 63
885 57 59
886 57 60
887 57 61
888 57 353
889 58 59
890 58 63
891 58 64
892 58 66
893 59 60
894 59 66
895 60 61
896 60 65
897 60 66
898 61 62
899 61 65
900 62 63
901 62 64
902 62 65
903 63 64
904 64 65
905 64 66
906 65 66
907 67 68
908 67 69
909 67 70
910 68 104
911 68 112
912 69 111
913 70 76
914 70 103
915 70 115
916 71 73
917 71 74
918 71 86
919 71 89
920 72 73
921 72 74
922 72 76
923 72 103
924 73 74
925 74 75
926 74 90
927 74 94
928 75 88
929 75 97
930 75 113
931 76 78
932 76 79
933 76 80
934 76 86
935 77 78
936 77 79
937 77 80
938 77 91
939 77 108
940 78 79
941 78 80
942 78 86
943 79 80
944 80 85
945 81 82
946 81 90
947 82 83
948 82 84
949 82 98
950 83 84
951 83 85
952 83 101
953 84 85
954 84 114
955 84 116
956 85 86
957 85 99
958 86 88
959 86 115
960 87 88
961 87 89
962 87 90
963 87 350
964 88 89
965 88 90
966 88 91
967 89 90
968 89 91
969 89 92
970 91 92
971 93 94
972 93 95
973 93 96
974 94 95
975 94 96
976 94 97
977 94 98
978 95 96
979 95 97
980 95 98
981 95 104
982 97 98
983 98 113
984 98 114
985 99 101
986 99 102
987 99 103
988 100 101
989 100 102
990 100 104
991 101 102
992 103 104
993 104 110
994 105 106
995 105 107
996 105 110
997 106 107
998 106 108
999 106 109
1000 106 110
1001 106 111
1002 107 108
1003 108 109
1004 109 110
1005 111 112
1006 111 113
1007 112 113
1008 112 114
1009 113 114
1010 113 115
1011 114 115
1012 114 116
1013 115 116
1014 117 118
1015 117 120
1016 117 121
1017 118 119
1018 118 121
1019 118 351
1020 119 120
1021 119 121
1022 120 121
1023 122 123
1024 122 126
1025 123 124
1026 123 354
1027 124 125
1028 125 126
1029 127 128
1030 127 129
1031 127 130
1032 127 131
1033 128 129
1034 128 130
1035 128 131
1036 129 130
1037 129 131
1038 129 353
1039 130 131
1040 132 133
1041 132 134
1042 132 135
1043 133 134
1044 133 135
1045 133 353
1046 134 135
1047 136 137
1048 136 138
1049 136 139
1050 137 138
1051 137 139
1052 137 353
1053 138 139
1054 140 141
1055 140 142
1056 140 144
1057 141 143
1058 141 145
1059 142 143
1060 142 144
1061 142 146
1062 143 147
1063 144 145
1064 144 146
1065 145 147
1066 146 147
1067 147 350
1068 148 149
1069 148 151
1070 148 152
1071 148 350
1072 149 150
1073 149 151
1074 149 152
1075 150 151
1076 151 152
1077 153 154
1078 153 157
1079 154 155
1080 154 156
1081 155 156
1082 155 157
1083 156 157
1084 157 353
1085 158 159
1086 159 160
1087 159 166
1088 160 161
1089 160 171
1090 161 162
1091 161 164
1092 161 174
1093 162 163
1094 163 164
1095 163 177
1096 164 165
1097 164 178
1098 165 168
1099 165 179
1100 166 167
1101 166 171
1102 167 168
1103 167 180
1104 168 169
1105 168 178
1106 169 170
1107 169 171
1108 171 172
1109 172 173
1110 172 181
1111 173 174
1112 173 175
1113 175 176
1114 176 177
1115 176 182
1116 178 182
1117 179 180
1118 180 181
1119 181 182
1120 181 354
1121 183 184
1122 183 187
1123 183 354
1124 184 185
1125 185 186
1126 186 187
1127 188 189
1128 188 193
1129 188 198
1130 188 201
1131 189 190
1132 189 195
1133 189 198
1134 190 191
1135 190 195
1136 191 192
1137 191 200
1138 192 193
1139 192 194
1140 192 197
1141 192 201
1142 193 194
1143 193 195
1144 194 195
1145 194 199
1146 195 196
1147 195 200
1148 196 197
1149 196 201
1150 197 198
1151 197 350
1152 198 199
1153 199 200
1154 200 201
1155 202 203
1156 202 206
1157 202 354
1158 203 204
1159 204 205
1160 205 206
1161 207 208
1162 207 209
1163 207 210
1164 207 211
1165 208 209
1166 208 210
1167 208 211
1168 209 210
1169 209 211
1170 210 211
1171 211 351
1172 212 213
1173 212 215
1174 212 216
1175 213 214
1176 214 215
1177 214 216
1178 215 216
1179 215 353
1180 217 218
1181 218 219
1182 219 220
1183 220 221
1184 221 354
1185 222 223
1186 223 224
1187 223 225
1188 223 226
1189 223 353
1190 227 228
1191 227 229
1192 227 230
1193 227 354
1194 228 229
1195 228 230
1196 229 230
1197 231 232
1198 231 233
1199 231 234
1200 232 233
1201 232 234
1202 233 234
1203 233 354
1204 235 236
1205 235 237
1206 235 238
1207 235 239
1208 235 240
1209 235 242
1210 236 237
1211 236 238
1212 236 239
1213 236 240
1214 236 241
1215 236 242
1216 237 238
1217 237 239
1218 237 241
1219 237 242
1220 238 239
1221 238 240
1222 238 241
1223 238 242
1224 239 240
1225 239 242
1226 240 241
1227 240 242
1228 241 242
1229 242 353
1230 243 244
1231 243 245
1232 243 248
1233 243 250
1234 244 247
1235 244 249
1236 244 256
1237 245 246
1238 245 251
1239 246 249
1240 246 252
1241 247 248
1242 247 255
1243 248 249
1244 248 254
1245 249 253
1246 250 261
1247 250 262
1248 250 267
1249 251 259
1250 251 263
1251 251 266
1252 252 257
1253 252 265
1254 253 258
1255 253 264
1256 254 259
1257 254 270
1258 255 260
1259 255 269
1260 256 260
1261 256 261
1262 256 268
1263 257 260
1264 257 261
1265 257 263
1266 258 261
1267 258 262
1268 259 262
1269 259 263
1270 260 263
1271 261 265
1272 262 268
1273 264 266
1274 264 269
1275 265 267
1276 265 270
1277 266 268
1278 267 269
1279 268 270
1280 269 353
1281 271 272
1282 272 273
1283 272 351
1284 273 274
1285 274 275
1286 276 278
1287 277 278
1288 278 279
1289 278 280
1290 279 353
1291 281 282
1292 281 284
1293 281 285
1294 282 283
1295 282 284
1296 282 285
1297 282 352
1298 283 284
1299 283 285
1300 284 285
1301 286 287
1302 286 288
1303 286 289
1304 286 290
1305 287 288
1306 287 290
1307 288 289
1308 288 290
1309 289 290
1310 289 351
1311 291 293
1312 292 293
1313 293 294
1314 293 295
1315 294 354
1316 296 297
1317 296 298
1318 297 298
1319 297 299
1320 298 299
1321 298 351
1322 300 302
1323 300 303
1324 300 304
1325 300 305
1326 301 302
1327 301 303
1328 301 306
1329 301 307
1330 302 310
1331 303 309
1332 304 308
1333 304 309
1334 305 308
1335 305 310
1336 306 308
1337 306 309
1338 307 308
1339 307 310
1340 308 353
1341 311 312
1342 311 313
1343 311 314
1344 312 315
1345 314 354
1346 316 318
1347 316 319
1348 316 336
1349 317 319
1350 317 320
1351 317 337
1352 318 320
1353 318 338
1354 319 339
1355 320 330
1356 321 323
1357 321 324
1358 321 340
1359 322 324
1360 322 325
1361 322 341
1362 323 325
1363 323 342
1364 324 336
1365 325 335
1366 326 328
1367 326 329
1368 326 343
1369 327 329
1370 327 330
1371 327 344
1372 328 330
1373 328 345
1374 329 346
1375 331 333
1376 331 334
1377 331 346
1378 332 334
1379 332 335
1380 332 347
1381 332 355
1382 333 335
1383 333 348
1384 334 349
1385 336 337
1386 336 342
1387 337 338
1388 338 339
1389 339 343
1390 340 341
1391 340 349
1392 341 342
1393 342 351
1394 343 344
1395 344 345
1396 345 346
1397 346 347
1398 347 348
1399 348 349
1400 350 351
1401 350 354
1402 350 355
1403 350 372
1404 351 352
1405 351 404
1406 352 353
1407 352 402
1408 353 354
1409 353 412
1410 354 368
1411 355 356
1412 355 359
1413 355 360
1414 355 361
1415 355 362
1416 356 357
1417 356 358
1418 356 359
1419 356 360
1420 356 361
1421 356 362
1422 357 358
1423 357 359
1424 357 360
1425 357 362
1426 358 359
1427 358 360
1428 358 361
1429 359 360
1430 359 361
1431 359 362
1432 360 361
1433 360 362
1434 361 362
1435 363 364
1436 363 365
1437 363 367
1438 364 366
1439 364 368
1440 365 366
1441 365 369
1442 366 370
1443 367 368
1444 367 369
1445 368 370
1446 369 370
1447 371 372
1448 372 373
1449 372 379
1450 373 374
1451 373 384
1452 374 375
1453 374 387
1454 375 376
1455 376 377
1456 376 390
1457 377 378
1458 377 391
1459 378 392
1460 379 380
1461 379 384
1462 380 381
1463 380 393
1464 381 382
1465 381 391
1466 382 383
1467 384 385
1468 385 386
1469 385 394
1470 386 387
1471 386 388
1472 388 389
1473 389 390
1474 389 395
1475 391 395
1476 393 394
1477 394 395
1478 396 399
1479 396 400
1480 396 401
1481 396 402
1482 396 403
1483 397 398
1484 397 399
1485 397 400
1486 397 401
1487 397 402
1488 398 399
1489 398 400
1490 398 401
1491 398 402
1492 398 403
1493 399 400
1494 399 401
1495 399 402
1496 399 403
1497 400 401
1498 400 402
1499 400 403
1500 401 402
1501 401 403
1502 402 403
1503 404 405
1504 404 406
1505 404 407
1506 405 406
1507 405 407
1508 406 407
1509 408 409
1510 408 410
1511 408 411
1512 408 412
1513 409 410
1514 410 411
1515 410 412
1516 411 412
137 262
1517 1 3
1518 1 4
1519 1 5
1520 1 6
1521 2 3
1522 2 4
1523 2 7
1524 2 8
1525 2 15
1526 3 11
1527 4 10
1528 5 9
1529 5 10
1530 5 20
1531 6 9
1532 6 11
1533 7 9
1534 7 10
1535 8 9
1536 8 11
1537 8 24
1538 12 13
1539 12 14
1540 13 15
1541 14 15
1542 14 18
1543 14 31
1544 16 17
1545 16 18
1546 17 18
1547 17 19
1548 17 20
1549 17 31
1550 17 33
1551 18 19
1552 18 20
1553 21 23
1554 21 24
1555 21 25
1556 21 26
1557 22 23
1558 22 24
1559 22 25
1560 22 27
1561 22 28
1562 23 31
1563 24 30
1564 24 31
1565 25 29
1566 25 30
1567 26 29
1568 26 31
1569 27 28
1570 27 29
1571 27 30
1572 27 33
1573 28 29
1574 28 31
1575 32 33
1576 32 34
1577 32 36
1578 32 37
1579 32 38
1580 32 39
1581 33 34
1582 33 35
1583 33 36
1584 33 37
1585 33 38
1586 34 35
1587 34 36
1588 34 37
1589 34 38
1590 34 39
1591 34 42
1592 35 37
1593 35 38
1594 35 39
1595 36 37
1596 36 38
1597 36 39
1598 37 38
1599 37 39
1600 38 39
1601 40 41
1602 40 70
1603 41 42
1604 41 56
1605 42 43
1606 43 44
1607 45 46
1608 45 49
1609 45 50
1610 45 58
1611 46 47
1612 46 53
1613 46 56
1614 47 48
1615 47 49
1616 47 58
1617 48 49
1618 48 61
1619 49 50
1620 50 51
1621 50 64
1622 51 52
1623 51 58
1624 51 61
1625 51 65
1626 51 68
1627 52 66
1628 53 54
1629 53 58
1630 54 55
1631 54 59
1632 54 60
1633 54 67
1634 55 56
1635 55 65
1636 56 57
1637 56 60
1638 56 120
1639 57 64
1640 58 59
1641 59 60
1642 59 68
1643 60 61
1644 60 62
1645 60 66
1646 60 119
1647 62 63
1648 62 68
1649 63 64
1650 63 69
1651 65 69
1652 67 68
1653 68 69
1654 70 73
1655 71 73
1656 71 103
1657 72 73
1658 73 74
1659 73 91
1660 75 76
1661 75 97
1662 76 77
1663 76 82
1664 76 83
1665 77 78
1666 77 88
1667 77 89
1668 77 99
1669 78 79
1670 78 91
1671 79 80
1672 79 98
1673 80 81
1674 80 82
1675 80 83
1676 80 94
1677 80 95
1678 81 82
1679 81 84
1680 81 95
1681 82 92
1682 82 96
1683 83 84
1684 83 88
1685 83 90
1686 84 85
1687 84 97
1688 85 86
1689 85 87
1690 85 95
1691 85 97
1692 85 98
1693 85 112
1694 86 87
1695 87 91
1696 87 96
1697 87 104
1698 88 89
1699 88 90
1700 88 92
1701 88 93
1702 89 90
1703 89 98
1704 89 99
1705 90 91
1706 90 92
1707 90 93
1708 90 95
1709 90 99
1710 90 107
1711 92 93
1712 93 94
1713 93 99
1714 95 99
1715 97 98
1716 98 99
1717 100 101
1718 100 102
1719 100 103
1720 100 104
1721 100 108
1722 101 102
1723 101 103
1724 101 104
1725 102 103
1726 102 104
1727 103 104
1728 104 113
1729 105 106
1730 105 109
1731 106 107
1732 107 108
1733 108 109
1734 109 112
1735 110 111
1736 110 114
1737 111 112
1738 112 113
1739 113 114
1740 115 116
1741 115 117
1742 115 118
1743 115 119
1744 115 129
1745 116 119
1746 116 122
1747 117 118
1748 117 134
1749 120 121
1750 120 122
1751 120 123
1752 120 124
1753 121 122
1754 121 123
1755 121 124
1756 121 125
1757 122 123
1758 123 124
1759 124 135
1760 125 126
1761 125 129
1762 126 127
1763 126 135
1764 127 128
1765 127 129
1766 128 129
1767 130 131
1768 130 132
1769 130 134
1770 131 133
1771 131 135
1772 132 133
1773 132 136
1774 133 137
1775 134 135
1776 134 136
1777 135 137
1778 136 137
187 390
1779 1 2
1780 1 3
1781 1 4
1782 1 5
1783 1 6
1784 2 3
1785 2 4
1786 2 5
1787 2 28
1788 3 4
1789 3 5
1790 4 5
1791 4 17
1792 5 127
1793 6 7
1794 6 8
1795 6 9
1796 6 10
1797 7 8
1798 7 9
1799 7 10
1800 8 9
1801 9 10
1802 9 35
1803 10 15
1804 10 133
1805 11 12
1806 11 13
1807 11 14
1808 11 15
1809 12 13
1810 12 15
1811 13 14
1812 13 15
1813 13 18
1814 13 40
1815 14 15
1816 15 146
1817 16 17
1818 16 18
1819 16 20
1820 17 18
1821 17 19
1822 17 45
1823 18 19
1824 18 20
1825 19 20
1826 19 173
1827 21 22
1828 21 23
1829 21 24
1830 21 25
1831 21 29
1832 21 30
1833 21 32
1834 22 23
1835 22 27
1836 22 28
1837 22 29
1838 22 31
1839 23 25
1840 23 26
1841 23 27
1842 23 30
1843 24 25
1844 24 27
1845 24 29
1846 24 30
1847 24 31
1848 24 32
1849 25 26
1850 25 31
1851 25 32
1852 25 43
1853 25 61
1854 26 27
1855 26 31
1856 26 32
1857 27 28
1858 27 31
1859 27 35
1860 28 29
1861 28 30
1862 28 31
1863 28 32
1864 29 30
1865 30 31
1866 30 32
1867 31 32
1868 33 34
1869 33 37
1870 33 80
1871 34 35
1872 35 36
1873 36 37
1874 36 40
1875 38 39
1876 38 40
1877 39 41
1878 39 87
1879 40 41
1880 40 46
1881 42 43
1882 42 44
1883 42 45
1884 42 46
1885 43 44
1886 44 45
1887 44 46
1888 45 46
1889 45 89
1890 47 48
1891 47 49
1892 47 51
1893 47 54
1894 48 51
1895 48 60
1896 48 65
1897 48 74
1898 49 50
1899 49 55
1900 50 53
1901 50 56
1902 50 67
1903 51 52
1904 51 59
1905 52 53
1906 52 58
1907 52 123
1908 53 57
1909 54 58
1910 54 66
1911 54 71
1912 54 74
1913 55 67
1914 55 70
1915 56 57
1916 56 61
1917 56 69
1918 57 61
1919 57 62
1920 57 68
1921 58 63
1922 58 74
1923 59 64
1924 59 66
1925 59 73
1926 60 64
1927 60 65
1928 60 66
1929 60 72
1930 61 64
1931 61 65
1932 61 72
1933 62 65
1934 62 66
1935 63 66
1936 63 67
1937 64 67
1938 66 71
1939 66 73
1940 67 73
1941 68 70
1942 68 73
1943 69 71
1944 69 74
1945 70 72
1946 71 73
1947 72 74
1948 72 114
1949 74 76
1950 75 76
1951 75 77
1952 75 78
1953 75 79
1954 75 80
1955 75 81
1956 76 77
1957 76 78
1958 76 79
1959 76 80
1960 76 81
1961 76 82
1962 77 78
1963 77 79
1964 77 80
1965 77 81
1966 77 82
1967 78 79
1968 78 80
1969 78 81
1970 78 82
1971 78 84
1972 78 131
1973 79 82
1974 80 81
1975 80 82
1976 81 82
1977 83 84
1978 84 85
1979 84 121
1980 84 147
1981 85 86
1982 86 87
1983 88 90
1984 88 91
1985 88 94
1986 88 108
1987 88 110
1988 88 113
1989 88 121
1990 89 91
1991 89 92
1992 89 109
1993 90 92
1994 90 108
1995 90 110
1996 91 100
1997 91 103
1998 91 111
1999 91 120
2000 92 102
2001 92 115
2002 93 95
2003 93 96
2004 93 108
2005 93 112
2006 94 96
2007 94 97
2008 94 111
2009 94 113
2010 95 97
2011 95 106
2012 95 110
2013 95 112
2014 95 113
2015 95 114
2016 96 108
2017 97 107
2018 98 100
2019 98 101
2020 98 106
2021 98 111
2022 98 115
2023 99 101
2024 99 102
2025 99 116
2026 99 117
2027 100 102
2028 100 107
2029 100 115
2030 100 117
2031 101 117
2032 101 118
2033 102 104
2034 103 105
2035 103 106
2036 103 114
2037 103 117
2038 103 118
2039 104 106
2040 104 107
2041 104 111
2042 104 119
2043 105 107
2044 105 120
2045 106 115
2046 106 121
2047 108 109
2048 108 114
2049 108 117
2050 109 110
2051 110 111
2052 111 115
2053 112 113
2054 112 121
2055 113 114
2056 113 120
2057 115 116
2058 116 117
2059 117 118
2060 118 119
2061 119 120
2062 119 185
2063 120 121
2064 122 123
2065 122 124
2066 122 125
2067 122 126
2068 122 127
2069 122 128
2070 122 129
2071 122 131
2072 123 124
2073 123 125
2074 123 126
2075 123 127
2076 123 128
2077 123 129
2078 124 125
2079 124 126
2080 124 127
2081 124 128
2082 124 182
2083 125 128
2084 125 129
2085 126 127
2086 126 128
2087 126 129
2088 127 128
2089 128 129
2090 130 134
2091 131 134
2092 131 162
2093 132 134
2094 133 134
2095 135 136
2096 135 137
2097 135 142
2098 136 139
2099 136 148
2100 137 138
2101 137 143
2102 138 141
2103 138 144
2104 139 140
2105 139 147
2106 140 141
2107 140 146
2108 141 145
2109 142 154
2110 142 159
2111 143 155
2112 143 158
2113 144 149
2114 144 157
2115 145 150
2116 145 156
2117 146 151
2118 146 162
2119 147 152
2120 147 161
2121 148 153
2122 148 160
2123 149 152
2124 149 153
2125 150 153
2126 150 154
2127 150 165
2128 151 154
2129 151 155
2130 152 155
2131 156 158
2132 156 161
2133 157 159
2134 157 162
2135 158 160
2136 159 161
2137 160 162
2138 163 164
2139 164 165
2140 164 171
2141 165 166
2142 165 176
2143 166 167
2144 166 179
2145 167 168
2146 168 169
2147 168 182
2148 169 170
2149 169 183
2150 170 184
2151 171 172
2152 171 176
2153 172 173
2154 172 185
2155 173 174
2156 173 183
2157 174 175
2158 176 177
2159 177 178
2160 177 186
2161 178 179
2162 178 180
2163 180 181
2164 181 182
2165 181 187
2166 183 187
2167 185 186
2168 186 187
325 644
2169 1 2
2170 1 4
2171 1 214
2172 2 3
2173 2 12
2174 3 4
2175 4 5
2176 5 19
2177 6 7
2178 6 9
2179 6 21
2180 6 215
2181 7 8
2182 7 9
2183 7 10
2184 8 9
2185 9 10
2186 9 18
2187 11 12
2188 11 15
2189 12 13
2190 13 14
2191 13 22
2192 14 15
2193 15 226
2194 16 17
2195 16 18
2196 16 19
2197 16 229
2198 17 20
2199 21 22
2200 21 23
2201 21 24
2202 21 25
2203 22 23
2204 22 25
2205 23 24
2206 23 25
2207 23 129
2208 24 25
2209 26 27
2210 26 28
2211 26 30
2212 26 57
2213 27 29
2214 27 31
2215 28 29
2216 28 32
2217 29 33
2218 30 31
2219 30 32
2220 30 39
2221 30 235
2222 31 33
2223 32 33
2224 34 35
2225 34 36
2226 34 37
2227 34 49
2228 34 239
2229 35 36
2230 35 37
2231 35 75
2232 36 37
2233 38 39
2234 38 41
2235 38 42
2236 38 274
2237 39 40
2238 39 42
2239 40 41
2240 40 75
2241 41 42
2242 43 44
2243 43 45
2244 43 50
2245 44 47
2246 44 56
2247 45 46
2248 45 51
2249 46 49
2250 46 52
2251 47 48
2252 47 55
2253 48 49
2254 48 54
2255 49 53
2256 50 62
2257 50 67
2258 51 63
2259 51 66
2260 52 57
2261 52 65
2262 53 58
2263 53 64
2264 54 59
2265 54 70
2266 55 60
2267 55 69
2268 55 211
2269 56 61
2270 56 68
2271 57 60
2272 57 61
2273 58 61
2274 58 62
2275 59 62
2276 59 63
2277 60 63
2278 64 66
2279 64 69
2280 65 67
2281 65 70
2282 66 68
2283 67 69
2284 68 70
2285 71 72
2286 71 73
2287 71 74
2288 71 75
2289 72 73
2290 72 74
2291 72 75
2292 73 74
2293 73 75
2294 73 206
2295 74 75
2296 76 77
2297 76 81
2298 76 82
2299 76 85
2300 76 87
2301 76 88
2302 76 89
2303 77 78
2304 77 79
2305 77 82
2306 77 83
2307 77 84
2308 77 86
2309 78 79
2310 78 81
2311 78 82
2312 78 83
2313 78 84
2314 78 85
2315 78 281
2316 79 80
2317 79 82
2318 79 85
2319 79 88
2320 79 89
2321 80 81
2322 80 83
2323 80 85
2324 81 82
2325 81 83
2326 81 88
2327 82 83
2328 82 87
2329 82 89
2330 83 84
2331 83 89
2332 84 85
2333 84 88
2334 84 89
2335 85 86
2336 85 89
2337 86 87
2338 86 88
2339 87 88
2340 88 89
2341 88 103
2342 89 102
2343 90 91
2344 90 92
2345 90 93
2346 90 94
2347 91 92
2348 91 93
2349 91 94
2350 91 105
2351 92 93
2352 92 94
2353 92 140
2354 93 94
2355 94 291
2356 95 96
2357 95 97
2358 95 99
2359 95 101
2360 96 98
2361 96 100
2362 96 102
2363 96 299
2364 97 98
2365 97 100
2366 97 101
2367 97 102
2368 97 120
2369 98 99
2370 98 102
2371 99 100
2372 99 101
2373 100 101
2374 100 102
2375 101 102
2376 103 104
2377 103 105
2378 103 106
2379 103 107
2380 103 306
2381 104 105
2382 104 106
2383 104 107
2384 105 106
2385 105 107
2386 106 107
2387 108 110
2388 108 111
2389 108 122
2390 108 128
2391 109 111
2392 109 112
2393 109 121
2394 109 129
2395 110 112
2396 110 118
2397 110 121
2398 110 130
2399 110 136
2400 111 131
2401 112 116
2402 112 122
2403 113 115
2404 113 116
2405 113 117
2406 113 132
2407 114 116
2408 114 117
2409 114 133
2410 115 117
2411 115 134
2412 116 125
2413 116 128
2414 117 127
2415 117 128
2416 118 120
2417 118 121
2418 118 135
2419 119 121
2420 119 122
2421 119 136
2422 120 122
2423 120 132
2424 120 137
2425 121 134
2426 121 138
2427 122 125
2428 123 125
2429 123 126
2430 123 138
2431 123 140
2432 124 126
2433 124 127
2434 124 138
2435 124 139
2436 125 127
2437 125 140
2438 126 136
2439 126 141
2440 128 129
2441 128 132
2442 128 134
2443 128 136
2444 129 130
2445 130 131
2446 131 135
2447 132 133
2448 132 141
2449 133 134
2450 134 138
2451 135 136
2452 135 140
2453 136 137
2454 137 138
2455 138 139
2456 138 140
2457 139 140
2458 140 141
2459 142 143
2460 142 144
2461 142 145
2462 142 146
2463 143 144
2464 143 145
2465 143 146
2466 143 173
2467 144 146
2468 144 187
2469 145 146
2470 145 304
2471 147 148
2472 148 149
2473 148 155
2474 149 150
2475 149 160
2476 150 151
2477 150 163
2478 151 152
2479 152 153
2480 152 166
2481 153 154
2482 153 167
2483 154 168
2484 154 309
2485 155 156
2486 155 160
2487 156 157
2488 156 169
2489 157 158
2490 157 167
2491 158 159
2492 160 161
2493 161 162
2494 161 170
2495 161 205
2496 162 163
2497 162 164
2498 164 165
2499 165 166
2500 165 171
2501 167 171
2502 168 181
2503 169 170
2504 170 171
2505 172 173
2506 172 317
2507 173 174
2508 173 175
2509 173 176
2510 174 205
2511 177 178
2512 177 179
2513 177 180
2514 177 184
2515 178 181
2516 178 190
2517 178 194
2518 179 180
2519 179 181
2520 179 185
2521 180 183
2522 180 186
2523 181 182
2524 181 187
2525 181 189
2526 181 322
2527 182 183
2528 182 188
2529 183 187
2530 183 190
2531 183 198
2532 184 190
2533 184 196
2534 184 199
2535 184 201
2536 185 197
2537 185 200
2538 186 190
2539 186 191
2540 186 199
2541 187 192
2542 187 198
2543 187 200
2544 188 193
2545 188 194
2546 188 197
2547 188 204
2548 189 194
2549 189 200
2550 189 203
2551 190 195
2552 190 202
2553 190 204
2554 191 194
2555 191 195
2556 191 200
2557 192 195
2558 192 196
2559 193 196
2560 193 197
2561 194 197
2562 197 204
2563 198 200
2564 198 203
2565 199 201
2566 199 202
2567 199 204
2568 200 202
2569 201 203
2570 202 204
2571 205 206
2572 205 207
2573 206 207
2574 207 208
2575 208 209
2576 210 211
2577 210 272
2578 211 212
2579 212 213
2580 213 214
2581 214 219
2582 215 216
2583 215 217
2584 215 218
2585 215 219
2586 216 217
2587 216 218
2588 216 219
2589 217 219
2590 218 219
2591 219 223
2592 220 221
2593 220 222
2594 220 224
2595 221 223
2596 221 225
2597 221 231
2598 222 223
2599 222 226
2600 223 227
2601 224 225
2602 224 226
2603 225 227
2604 226 227
2605 228 229
2606 228 230
2607 228 231
2608 229 230
2609 229 231
2610 230 231
2611 230 281
2612 232 233
2613 232 234
2614 232 236
2615 233 234
2616 233 324
2617 234 235
2618 234 248
2619 235 236
2620 237 239
2621 237 240
2622 237 252
2623 237 257
2624 237 260
2625 237 267
2626 238 240
2627 238 241
2628 238 250
2629 238 258
2630 238 265
2631 239 241
2632 239 259
2633 239 261
2634 240 260
2635 241 251
2636 242 244
2637 242 245
2638 242 258
2639 242 261
2640 243 245
2641 243 246
2642 243 262
2643 243 265
2644 244 246
2645 244 253
2646 244 254
2647 244 258
2648 244 263
2649 245 257
2650 245 258
2651 245 261
2652 245 262
2653 246 256
2654 247 248
2655 247 249
2656 247 250
2657 247 261
2658 247 264
2659 247 266
2660 248 250
2661 248 251
2662 248 265
2663 248 267
2664 249 251
2665 249 255
2666 249 266
2667 250 258
2668 250 264
2669 250 267
2670 252 254
2671 252 255
2672 252 267
2673 253 255
2674 253 256
2675 253 260
2676 253 268
2677 253 269
2678 254 256
2679 254 259
2680 254 268
2681 254 269
2682 255 258
2683 255 270
2684 256 266
2685 257 258
2686 257 263
2687 258 259
2688 259 260
2689 259 264
2690 259 270
2691 260 264
2692 261 262
2693 261 270
2694 262 263
2695 262 267
2696 264 265
2697 265 266
2698 266 267
2699 266 269
2700 266 274
2701 267 268
2702 268 269
2703 269 270
2704 271 272
2705 272 273
2706 272 274
2707 272 275
2708 276 278
2709 276 279
2710 276 280
2711 276 281
2712 276 283
2713 276 284
2714 276 286
2715 277 278
2716 277 279
2717 277 282
2718 277 283
2719 277 285
2720 278 282
2721 278 284
2722 278 285
2723 278 286
2724 278 288
2725 279 280
2726 279 285
2727 280 281
2728 280 284
2729 280 285
2730 280 286
2731 281 284
2732 281 286
2733 282 283
2734 282 284
2735 282 285
2736 282 286
2737 283 284
2738 283 286
2739 285 286
2740 287 289
2741 287 295
2742 288 289
2743 289 290
2744 289 291
2745 292 293
2746 292 294
2747 292 296
2748 293 294
2749 293 295
2750 293 296
2751 293 297
2752 293 303
2753 294 295
2754 294 298
2755 295 299
2756 296 297
2757 296 298
2758 297 299
2759 298 299
2760 300 301
2761 300 302
2762 300 303
2763 300 305
2764 300 306
2765 300 307
2766 301 302
2767 301 303
2768 301 304
2769 301 305
2770 301 306
2771 301 307
2772 302 303
2773 302 304
2774 302 305
2775 302 307
2776 303 304
2777 303 305
2778 303 306
2779 303 307
2780 304 305
2781 304 306
2782 304 307
2783 304 311
2784 305 306
2785 305 307
2786 306 307
2787 308 309
2788 308 310
2789 308 312
2790 309 311
2791 309 313
2792 310 311
2793 310 314
2794 311 315
2795 312 313
2796 312 314
2797 312 319
2798 313 315
2799 314 315
2800 316 317
2801 316 319
2802 316 320
2803 317 318
2804 317 319
2805 317 320
2806 318 319
2807 319 320
2808 319 324
2809 321 324
2810 322 324
2811 323 324
2812 324 325
215 453
2813 1 2
2814 1 3
2815 1 76
2816 2 4
2817 3 4
2818 3 42
2819 4 68
2820 4 186
2821 5 6
2822 5 7
2823 5 8
2824 6 50
2825 7 20
2826 7 48
2827 8 12
2828 8 18
2829 9 11
2830 9 12
2831 9 52
2832 10 11
2833 10 12
2834 11 12
2835 12 13
2836 13 34
2837 14 15
2838 14 16
2839 14 17
2840 14 18
2841 14 43
2842 15 16
2843 15 17
2844 15 18
2845 15 30
2846 16 17
2847 16 18
2848 16 19
2849 17 18
2850 17 55
2851 18 45
2852 19 20
2853 19 31
2854 19 35
2855 19 51
2856 20 21
2857 20 22
2858 21 22
2859 21 23
2860 21 39
2861 22 23
2862 22 27
2863 22 190
2864 23 24
2865 24 54
2866 25 26
2867 25 27
2868 25 28
2869 25 48
2870 25 53
2871 26 27
2872 26 28
2873 26 29
2874 27 28
2875 27 29
2876 27 77
2877 29 30
2878 29 31
2879 30 54
2880 31 32
2881 31 33
2882 31 34
2883 32 33
2884 32 34
2885 32 35
2886 32 36
2887 32 48
2888 33 34
2889 33 35
2890 33 36
2891 33 51
2892 33 54
2893 35 36
2894 36 41
2895 37 39
2896 37 40
2897 37 41
2898 37 44
2899 38 39
2900 38 40
2901 38 42
2902 38 47
2903 39 40
2904 41 42
2905 42 46
2906 43 44
2907 43 45
2908 43 48
2909 44 45
2910 44 46
2911 44 47
2912 44 48
2913 45 46
2914 46 47
2915 47 48
2916 49 50
2917 49 51
2918 50 51
2919 50 52
2920 51 52
2921 51 53
2922 52 53
2923 52 54
2924 53 54
2925 55 56
2926 55 57
2927 55 58
2928 55 59
2929 55 60
2930 55 61
2931 55 62
2932 56 57
2933 56 58
2934 56 59
2935 56 60
2936 56 61
2937 56 62
2938 56 108
2939 57 58
2940 57 59
2941 57 60
2942 57 61
2943 57 62
2944 58 59
2945 58 60
2946 58 61
2947 58 62
2948 59 60
2949 59 61
2950 59 62
2951 60 61
2952 60 62
2953 60 64
2954 61 62
2955 62 200
2956 63 64
2957 63 65
2958 63 66
2959 63 67
2960 64 65
2961 64 66
2962 64 67
2963 65 66
2964 65 68
2965 66 67
2966 67 110
2967 67 205
2968 68 69
2969 68 70
2970 69 71
2971 69 214
2972 70 71
2973 71 121
2974 72 73
2975 72 75
2976 72 76
2977 73 74
2978 73 75
2979 73 76
2980 74 75
2981 74 87
2982 74 114
2983 75 76
2984 75 128
2985 77 78
2986 78 79
2987 78 85
2988 79 80
2989 79 90
2990 80 81
2991 80 93
2992 81 82
2993 82 83
2994 82 96
2995 83 84
2996 83 97
2997 84 98
2998 85 86
2999 85 90
3000 86 87
3001 86 99
3002 87 88
3003 87 97
3004 88 89
3005 90 91
3006 91 92
3007 91 100
3008 92 93
3009 92 94
3010 94 95
3011 95 96
3012 95 101
3013 96 104
3014 97 101
3015 97 134
3016 99 100
3017 100 101
3018 102 103
3019 102 104
3020 102 105
3021 102 106
3022 102 108
3023 102 142
3024 103 105
3025 103 106
3026 103 107
3027 103 109
3028 104 105
3029 104 106
3030 104 108
3031 104 109
3032 105 106
3033 105 108
3034 105 109
3035 105 111
3036 106 107
3037 106 108
3038 106 109
3039 107 109
3040 108 109
3041 110 111
3042 110 112
3043 111 113
3044 111 117
3045 112 113
3046 113 146
3047 114 116
3048 114 117
3049 114 118
3050 114 119
3051 115 116
3052 115 117
3053 115 120
3054 115 121
3055 115 150
3056 116 124
3057 117 123
3058 118 122
3059 118 123
3060 119 122
3061 119 124
3062 120 122
3063 120 123
3064 121 122
3065 121 124
3066 125 126
3067 125 127
3068 125 129
3069 125 130
3070 125 131
3071 125 132
3072 126 128
3073 126 129
3074 126 130
3075 126 131
3076 126 132
3077 127 128
3078 127 129
3079 127 130
3080 127 131
3081 127 132
3082 127 149
3083 128 130
3084 128 131
3085 128 132
3086 129 130
3087 129 131
3088 129 132
3089 129 158
3090 130 131
3091 130 132
3092 131 132
3093 132 136
3094 133 134
3095 133 137
3096 134 135
3097 134 139
3098 135 136
3099 136 137
3100 136 165
3101 138 139
3102 138 140
3103 138 142
3104 139 140
3105 139 141
3106 139 142
3107 140 141
3108 140 142
3109 141 142
3110 142 145
3111 142 168
3112 143 144
3113 144 145
3114 145 146
3115 145 178
3116 146 147
3117 147 150
3118 148 149
3119 148 150
3120 148 151
3121 149 150
3122 149 151
3123 149 182
3124 150 151
3125 152 154
3126 152 155
3127 152 156
3128 152 157
3129 152 160
3130 153 154
3131 153 155
3132 153 156
3133 153 158
3134 153 159
3135 153 160
3136 153 161
3137 153 162
3138 153 165
3139 153 188
3140 154 156
3141 154 157
3142 154 158
3143 154 159
3144 154 160
3145 154 162
3146 155 157
3147 155 158
3148 155 161
3149 156 160
3150 156 161
3151 157 160
3152 157 162
3153 158 160
3154 158 161
3155 159 160
3156 159 162
3157 159 184
3158 161 162
3159 163 164
3160 163 165
3161 163 166
3162 163 167
3163 164 165
3164 164 166
3165 164 167
3166 164 171
3167 164 192
3168 165 166
3169 165 167
3170 166 167
3171 168 169
3172 168 170
3173 168 172
3174 169 171
3175 169 173
3176 170 171
3177 170 174
3178 170 195
3179 171 175
3180 172 173
3181 172 174
3182 173 175
3183 174 175
3184 174 177
3185 176 177
3186 176 178
3187 177 179
3188 177 205
3189 178 179
3190 178 180
3191 180 181
3192 180 184
3193 181 182
3194 182 183
3195 183 184
3196 184 215
3197 185 186
3198 185 187
3199 185 188
3200 185 189
3201 186 187
3202 186 189
3203 187 188
3204 187 189
3205 188 189
3206 188 193
3207 188 214
3208 190 191
3209 190 192
3210 190 193
3211 190 194
3212 191 192
3213 191 193
3214 191 194
3215 192 193
3216 192 194
3217 194 196
3218 195 196
3219 195 197
3220 195 198
3221 195 200
3222 195 201
3223 195 202
3224 196 197
3225 196 198
3226 196 199
3227 196 201
3228 196 202
3229 197 198
3230 197 199
3231 197 200
3232 197 201
3233 197 202
3234 198 199
3235 198 200
3236 198 201
3237 198 202
3238 199 200
3239 199 201
3240 199 202
3241 199 210
3242 200 201
3243 200 202
3244 203 204
3245 203 205
3246 203 207
3247 204 206
3248 204 208
3249 205 206
3250 205 209
3251 206 210
3252 207 208
3253 207 209
3254 207 215
3255 208 210
3256 209 210
3257 211 212
3258 211 213
3259 211 214
3260 211 215
3261 212 213
3262 212 215
3263 213 214
3264 213 215
3265 214 215
301 594
3266 1 2
3267 1 3
3268 1 4
3269 1 5
3270 2 3
3271 2 4
3272 2 5
3273 2 23
3274 3 4
3275 3 5
3276 3 15
3277 3 162
3278 4 5
3279 6 7
3280 6 8
3281 6 10
3282 7 9
3283 7 11
3284 8 9
3285 8 12
3286 9 13
3287 10 11
3288 10 12
3289 10 163
3290 11 13
3291 12 13
3292 12 24
3293 13 19
3294 14 18
3295 15 18
3296 15 24
3297 16 18
3298 17 18
3299 18 178
3300 19 21
3301 20 21
3302 20 23
3303 21 22
3304 21 23
3305 22 194
3306 24 25
3307 24 26
3308 24 27
3309 24 99
3310 25 26
3311 25 27
3312 26 27
3313 28 29
3314 28 30
3315 28 31
3316 28 32
3317 28 41
3318 29 30
3319 29 31
3320 29 32
3321 30 31
3322 30 32
3323 31 32
3324 31 210
3325 32 38
3326 33 34
3327 33 35
3328 34 35
3329 34 36
3330 34 44
3331 34 217
3332 35 36
3333 35 46
3334 37 38
3335 37 39
3336 37 40
3337 38 39
3338 38 40
3339 38 57
3340 39 40
3341 40 222
3342 41 42
3343 41 43
3344 41 44
3345 42 43
3346 42 44
3347 42 45
3348 43 44
3349 43 45
3350 43 161
3351 44 45
3352 46 47
3353 46 51
3354 46 52
3355 46 59
3356 46 157
3357 47 48
3358 47 49
3359 47 50
3360 47 51
3361 47 52
3362 47 53
3363 47 56
3364 47 59
3365 48 49
3366 48 52
3367 48 53
3368 48 54
3369 48 55
3370 48 57
3371 49 50
3372 49 51
3373 49 56
3374 49 57
3375 49 58
3376 50 51
3377 50 53
3378 50 55
3379 50 59
3380 51 52
3381 51 58
3382 52 53
3383 52 57
3384 53 54
3385 53 55
3386 53 56
3387 53 57
3388 54 55
3389 54 59
3390 55 56
3391 56 57
3392 57 58
3393 57 59
3394 58 59
3395 60 61
3396 60 64
3397 61 62
3398 62 63
3399 62 76
3400 63 64
3401 63 91
3402 63 223
3403 65 66
3404 65 67
3405 65 69
3406 65 231
3407 66 67
3408 66 69
3409 67 68
3410 67 69
3411 68 69
3412 68 93
3413 69 97
3414 70 75
3415 70 78
3416 70 80
3417 70 83
3418 70 266
3419 71 77
3420 71 79
3421 71 82
3422 71 84
3423 72 76
3424 72 78
3425 72 81
3426 72 83
3427 73 75
3428 73 77
3429 73 80
3430 73 82
3431 73 95
3432 74 76
3433 74 79
3434 74 81
3435 74 84
3436 75 85
3437 75 89
3438 76 85
3439 76 86
3440 77 86
3441 77 87
3442 78 87
3443 78 88
3444 79 88
3445 79 89
3446 80 85
3447 80 89
3448 81 85
3449 81 86
3450 82 86
3451 82 87
3452 83 87
3453 83 88
3454 84 88
3455 84 89
3456 90 91
3457 90 94
3458 91 92
3459 92 93
3460 92 275
3461 93 94
3462 95 96
3463 95 97
3464 95 98
3465 96 99
3466 100 101
3467 100 104
3468 101 102
3469 102 103
3470 102 120
3471 102 141
3472 103 104
3473 103 273
3474 105 106
3475 105 107
3476 105 108
3477 105 109
3478 105 110
3479 105 111
3480 105 112
3481 105 282
3482 106 107
3483 106 108
3484 106 109
3485 106 111
3486 106 112
3487 107 108
3488 107 109
3489 107 110
3490 107 112
3491 108 109
3492 108 110
3493 108 111
3494 108 112
3495 108 137
3496 109 111
3497 109 112
3498 110 112
3499 111 112
3500 112 155
3501 113 114
3502 113 115
3503 113 117
3504 113 289
3505 114 116
3506 114 118
3507 115 116
3508 115 119
3509 115 158
3510 116 120
3511 117 118
3512 117 119
3513 118 120
3514 119 120
3515 121 123
3516 121 124
3517 121 141
3518 122 124
3519 122 125
3520 122 142
3521 123 125
3522 123 143
3523 124 144
3524 125 135
3525 126 128
3526 126 129
3527 126 145
3528 127 129
3529 127 130
3530 127 146
3531 128 130
3532 128 147
3533 129 141
3534 130 140
3535 131 133
3536 131 134
3537 131 148
3538 132 134
3539 132 135
3540 132 149
3541 132 293
3542 133 135
3543 133 150
3544 134 151
3545 136 138
3546 136 139
3547 136 151
3548 137 139
3549 137 140
3550 137 152
3551 138 140
3552 138 153
3553 139 154
3554 141 142
3555 141 147
3556 142 143
3557 143 144
3558 144 148
3559 145 146
3560 145 154
3561 146 147
3562 148 149
3563 149 150
3564 150 151
3565 151 152
3566 152 153
3567 153 154
3568 155 156
3569 155 157
3570 156 158
3571 157 158
3572 159 160
3573 159 161
3574 159 162
3575 159 219
3576 160 161
3577 160 162
3578 160 166
3579 161 162
3580 163 164
3581 163 165
3582 163 166
3583 163 167
3584 165 172
3585 168 171
3586 168 172
3587 168 173
3588 168 176
3589 168 178
3590 168 181
3591 169 174
3592 169 175
3593 169 177
3594 169 180
3595 169 182
3596 169 187
3597 170 174
3598 170 176
3599 170 177
3600 170 179
3601 170 181
3602 171 173
3603 171 174
3604 171 175
3605 171 178
3606 171 180
3607 172 174
3608 172 175
3609 172 177
3610 172 179
3611 172 182
3612 173 183
3613 173 186
3614 173 187
3615 174 177
3616 174 183
3617 174 184
3618 175 184
3619 175 185
3620 176 184
3621 176 185
3622 176 186
3623 177 186
3624 177 187
3625 177 198
3626 178 183
3627 178 187
3628 179 183
3629 179 184
3630 180 184
3631 180 185
3632 181 185
3633 181 186
3634 182 186
3635 182 187
3636 188 193
3637 188 196
3638 188 198
3639 188 201
3640 189 195
3641 189 197
3642 189 200
3643 189 202
3644 189 224
3645 190 194
3646 190 196
3647 190 199
3648 190 201
3649 191 193
3650 191 195
3651 191 198
3652 191 200
3653 192 194
3654 192 197
3655 192 199
3656 192 202
3657 193 203
3658 193 207
3659 194 203
3660 194 204
3661 195 204
3662 195 205
3663 196 205
3664 196 206
3665 197 206
3666 197 207
3667 198 203
3668 198 207
3669 199 203
3670 199 204
3671 200 204
3672 200 205
3673 201 205
3674 201 206
3675 202 206
3676 202 207
3677 208 209
3678 208 212
3679 209 210
3680 209 214
3681 210 211
3682 211 212
3683 212 301
3684 213 214
3685 213 217
3686 214 215
3687 215 216
3688 216 217
3689 216 220
3690 218 219
3691 218 221
3692 218 222
3693 219 220
3694 219 221
3695 219 222
3696 220 221
3697 221 222
3698 223 225
3699 223 226
3700 223 228
3701 223 229
3702 223 230
3703 224 225
3704 224 226
3705 224 227
3706 224 229
3707 224 230
3708 224 234
3709 225 226
3710 225 227
3711 225 228
3712 225 229
3713 225 230
3714 226 227
3715 226 228
3716 226 229
3717 226 230
3718 227 228
3719 227 229
3720 227 230
3721 228 229
3722 229 230
3723 231 232
3724 231 233
3725 231 234
3726 231 235
3727 231 239
3728 232 233
3729 232 237
3730 232 238
3731 232 239
3732 233 235
3733 233 236
3734 233 237
3735 234 235
3736 234 239
3737 234 240
3738 234 242
3739 235 236
3740 235 242
3741 236 237
3742 236 241
3743 236 242
3744 237 238
3745 237 241
3746 238 239
3747 238 240
3748 238 241
3749 239 240
3750 240 241
3751 240 242
3752 241 242
3753 241 272
3754 243 244
3755 243 272
3756 244 245
3757 245 246
3758 245 254
3759 246 247
3760 246 266
3761 247 248
3762 248 249
3763 249 250
3764 250 251
3765 251 252
3766 252 253
3767 253 254
3768 254 255
3769 255 256
3770 256 257
3771 257 258
3772 258 259
3773 259 260
3774 260 261
3775 260 264
3776 261 262
3777 262 263
3778 263 264
3779 263 271
3780 264 265
3781 265 266
3782 266 267
3783 267 268
3784 268 269
3785 269 270
3786 270 271
3787 270 278
3788 271 272
3789 273 275
3790 273 276
3791 273 277
3792 273 278
3793 273 279
3794 273 280
3795 274 275
3796 274 276
3797 274 277
3798 274 278
3799 274 279
3800 274 280
3801 274 283
3802 275 276
3803 275 277
3804 275 278
3805 275 279
3806 275 280
3807 276 277
3808 276 278
3809 276 279
3810 276 280
3811 277 278
3812 277 279
3813 277 280
3814 278 279
3815 278 280
3816 279 280
3817 281 283
3818 281 284
3819 282 283
3820 282 284
3821 283 284
3822 283 285
3823 284 285
3824 284 289
3825 286 287
3826 286 288
3827 286 289
3828 286 290
3829 287 289
3830 287 290
3831 287 299
3832 288 289
3833 288 290
3834 289 290
3835 291 293
3836 291 294
3837 291 295
3838 291 296
3839 291 299
3840 292 293
3841 292 294
3842 292 297
3843 292 298
3844 293 299
3845 293 301
3846 294 297
3847 294 300
3848 294 301
3849 295 299
3850 295 300
3851 295 301
3852 296 299
3853 296 301
3854 297 299
3855 297 300
3856 298 299
3857 298 301
3858 299 301
3859 300 301
137 302
3860 1 2
3861 1 5
3862 1 10
3863 2 3
3864 3 4
3865 4 5
3866 5 6
3867 5 7
3868 6 7
3869 7 130
3870 8 9
3871 8 15
3872 8 87
3873 9 10
3874 10 11
3875 11 12
3876 12 13
3877 12 20
3878 13 14
3879 14 15
3880 14 98
3881 15 74
3882 16 17
3883 16 18
3884 16 20
3885 16 126
3886 16 134
3887 17 18
3888 17 19
3889 17 21
3890 17 68
3891 17 84
3892 18 19
3893 18 22
3894 19 23
3895 20 21
3896 20 22
3897 21 23
3898 22 23
3899 24 25
3900 24 26
3901 24 27
3902 24 58
3903 25 45
3904 25 58
3905 28 30
3906 28 31
3907 28 64
3908 28 69
3909 28 74
3910 29 30
3911 29 31
3912 29 67
3913 30 31
3914 31 32
3915 32 34
3916 33 35
3917 33 36
3918 33 37
3919 33 43
3920 33 57
3921 34 35
3922 34 36
3923 34 37
3924 35 36
3925 35 37
3926 36 37
3927 37 49
3928 38 39
3929 38 40
3930 38 63
3931 38 71
3932 39 40
3933 39 41
3934 40 41
3935 40 42
3936 41 42
3937 41 51
3938 42 43
3939 43 47
3940 44 45
3941 44 46
3942 44 47
3943 45 46
3944 45 47
3945 45 48
3946 45 49
3947 46 47
3948 46 48
3949 46 72
3950 48 49
3951 48 56
3952 50 51
3953 50 52
3954 50 53
3955 51 52
3956 51 53
3957 51 54
3958 51 55
3959 51 66
3960 52 53
3961 52 54
3962 52 55
3963 53 60
3964 54 55
3965 56 58
3966 56 59
3967 56 60
3968 56 70
3969 57 58
3970 57 59
3971 57 61
3972 58 59
3973 59 61
3974 60 61
3975 61 62
3976 62 63
3977 62 64
3978 62 67
3979 63 64
3980 63 65
3981 63 66
3982 63 67
3983 64 65
3984 65 66
3985 65 68
3986 66 67
3987 67 72
3988 67 113
3989 68 69
3990 68 70
3991 69 70
3992 69 71
3993 70 71
3994 70 72
3995 71 72
3996 71 73
3997 72 73
3998 74 75
3999 74 76
4000 74 77
4001 74 78
4002 74 79
4003 74 80
4004 74 81
4005 75 77
4006 75 78
4007 75 79
4008 75 80
4009 75 81
4010 75 83
4011 76 77
4012 76 78
4013 76 80
4014 76 81
4015 77 78
4016 77 79
4017 77 80
4018 77 81
4019 78 80
4020 78 81
4021 79 80
4022 79 81
4023 79 91
4024 80 81
4025 82 83
4026 82 84
4027 82 86
4028 82 87
4029 82 88
4030 83 84
4031 83 85
4032 83 86
4033 83 87
4034 83 88
4035 84 85
4036 84 86
4037 84 87
4038 84 88
4039 85 86
4040 85 87
4041 86 87
4042 87 88
4043 88 92
4044 89 90
4045 89 91
4046 90 92
4047 91 92
4048 92 96
4049 93 94
4050 93 96
4051 93 97
4052 93 98
4053 93 99
4054 94 95
4055 94 96
4056 94 99
4057 94 100
4058 95 96
4059 95 97
4060 95 98
4061 95 99
4062 95 100
4063 96 97
4064 96 98
4065 96 99
4066 96 100
4067 97 98
4068 97 99
4069 97 100
4070 98 99
4071 98 100
4072 99 100
4073 99 104
4074 101 102
4075 101 103
4076 101 104
4077 101 105
4078 101 106
4079 101 107
4080 101 108
4081 102 103
4082 102 104
4083 102 105
4084 102 106
4085 102 107
4086 102 108
4087 103 105
4088 103 106
4089 103 107
4090 104 105
4091 104 107
4092 105 106
4093 105 107
4094 105 108
4095 105 114
4096 106 107
4097 106 108
4098 107 108
4099 109 110
4100 109 111
4101 109 112
4102 110 113
4103 110 114
4104 110 115
4105 110 121
4106 116 117
4107 116 121
4108 116 125
4109 116 126
4110 116 129
4111 117 118
4112 117 126
4113 118 119
4114 118 123
4115 118 125
4116 118 128
4117 118 129
4118 119 120
4119 119 128
4120 120 121
4121 120 125
4122 120 126
4123 120 128
4124 121 122
4125 121 123
4126 121 128
4127 122 123
4128 122 124
4129 122 125
4130 122 126
4131 122 127
4132 123 124
4133 124 125
4134 124 127
4135 124 129
4136 125 126
4137 126 127
4138 126 129
4139 126 137
4140 127 128
4141 128 129
4142 130 131
4143 130 132
4144 130 133
4145 130 134
4146 130 135
4147 130 136
4148 130 137
4149 131 133
4150 131 134
4151 131 135
4152 131 137
4153 132 133
4154 132 136
4155 133 134
4156 133 135
4157 133 137
4158 134 135
4159 134 136
4160 135 137
4161 136 137
142 325
4162 1 2
4163 1 3
4164 1 4
4165 1 23
4166 1 42
4167 1 73
4168 2 16
4169 3 35
4170 5 7
4171 5 8
4172 5 23
4173 5 36
4174 6 7
4175 6 8
4176 6 21
4177 6 71
4178 7 8
4179 7 27
4180 7 48
4181 8 9
4182 8 49
4183 10 12
4184 10 13
4185 10 14
4186 10 38
4187 11 12
4188 11 13
4189 11 14
4190 12 13
4191 12 14
4192 12 16
4193 12 46
4194 13 14
4195 13 24
4196 13 37
4197 14 19
4198 14 36
4199 15 16
4200 15 36
4201 16 17
4202 16 18
4203 16 31
4204 17 18
4205 17 19
4206 17 43
4207 18 19
4208 18 47
4209 19 20
4210 19 37
4211 21 22
4212 21 23
4213 21 24
4214 22 23
4215 22 24
4216 22 25
4217 22 39
4218 23 24
4219 23 25
4220 23 37
4221 25 26
4222 25 27
4223 25 36
4224 25 41
4225 27 28
4226 27 29
4227 27 30
4228 27 37
4229 28 29
4230 28 30
4231 28 31
4232 28 32
4233 29 30
4234 29 31
4235 29 32
4236 31 32
4237 31 37
4238 33 35
4239 33 36
4240 33 37
4241 33 49
4242 33 50
4243 34 35
4244 34 36
4245 34 38
4246 34 40
4247 35 36
4248 35 46
4249 36 42
4250 36 43
4251 37 38
4252 37 50
4253 38 50
4254 39 40
4255 39 41
4256 39 44
4257 40 41
4258 40 42
4259 40 43
4260 40 44
4261 41 42
4262 42 43
4263 43 44
4264 45 46
4265 45 47
4266 45 126
4267 46 47
4268 46 48
4269 47 48
4270 47 49
4271 47 54
4272 48 49
4273 48 50
4274 49 50
4275 51 52
4276 51 53
4277 51 54
4278 51 55
4279 51 56
4280 51 57
4281 51 58
4282 52 53
4283 52 54
4284 52 56
4285 52 57
4286 52 58
4287 53 54
4288 53 55
4289 53 56
4290 53 57
4291 53 58
4292 54 55
4293 54 56
4294 54 57
4295 54 58
4296 54 133
4297 55 56
4298 55 57
4299 55 58
4300 56 57
4301 56 58
4302 57 58
4303 57 80
4304 58 63
4305 58 134
4306 59 60
4307 59 61
4308 59 62
4309 59 63
4310 59 138
4311 60 62
4312 60 63
4313 61 63
4314 61 71
4315 61 82
4316 62 63
4317 64 65
4318 64 66
4319 64 68
4320 65 67
4321 65 69
4322 66 67
4323 66 70
4324 67 71
4325 68 69
4326 68 70
4327 68 100
4328 68 101
4329 69 71
4330 69 142
4331 70 71
4332 72 73
4333 72 74
4334 72 75
4335 72 80
4336 73 76
4337 73 132
4338 75 105
4339 76 92
4340 77 78
4341 77 79
4342 77 80
4343 77 83
4344 77 110
4345 78 80
4346 79 80
4347 80 130
4348 81 82
4349 81 83
4350 81 85
4351 81 86
4352 81 114
4353 82 84
4354 82 86
4355 82 88
4356 83 84
4357 83 85
4358 83 87
4359 84 86
4360 84 88
4361 85 86
4362 85 87
4363 85 134
4364 86 88
4365 87 88
4366 88 96
4367 89 90
4368 89 91
4369 89 92
4370 89 93
4371 89 94
4372 89 97
4373 89 100
4374 89 132
4375 90 91
4376 90 92
4377 90 94
4378 90 95
4379 90 96
4380 90 97
4381 90 98
4382 90 99
4383 91 92
4384 91 93
4385 91 94
4386 91 95
4387 92 93
4388 92 97
4389 92 98
4390 92 99
4391 92 100
4392 93 94
4393 93 100
4394 93 138
4395 94 95
4396 94 97
4397 94 98
4398 94 99
4399 94 100
4400 95 96
4401 95 97
4402 95 99
4403 95 100
4404 96 97
4405 96 98
4406 96 99
4407 96 100
4408 97 98
4409 98 99
4410 98 100
4411 99 100
4412 99 122
4413 101 102
4414 101 103
4415 101 104
4416 101 105
4417 101 125
4418 102 103
4419 102 105
4420 103 104
4421 103 105
4422 104 105
4423 104 110
4424 105 120
4425 106 107
4426 106 108
4427 106 111
4428 106 112
4429 106 113
4430 107 108
4431 107 109
4432 107 111
4433 107 112
4434 107 113
4435 108 109
4436 108 110
4437 108 111
4438 108 112
4439 108 113
4440 109 110
4441 109 111
4442 109 112
4443 109 113
4444 110 111
4445 110 112
4446 110 113
4447 111 112
4448 111 113
4449 111 133
4450 112 115
4451 114 115
4452 114 116
4453 114 118
4454 115 116
4455 115 121
4456 116 117
4457 116 118
4458 117 118
4459 118 137
4460 119 120
4461 119 121
4462 119 122
4463 120 123
4464 120 134
4465 121 130
4466 123 142
4467 124 125
4468 124 126
4469 124 127
4470 124 139
4471 125 128
4472 128 131
4473 129 130
4474 129 131
4475 129 132
4476 129 135
4477 130 133
4478 134 135
4479 134 136
4480 134 137
4481 134 138
4482 136 142
4483 139 140
4484 139 141
4485 140 142
4486 141 142
187 402
4487 1 2
4488 1 3
4489 1 177
4490 2 3
4491 2 4
4492 2 5
4493 2 14
4494 2 21
4495 2 28
4496 3 4
4497 3 5
4498 4 5
4499 4 8
4500 6 7
4501 6 8
4502 6 9
4503 6 10
4504 6 11
4505 6 12
4506 6 13
4507 6 42
4508 7 8
4509 7 9
4510 7 10
4511 7 11
4512 7 12
4513 7 13
4514 7 48
4515 8 9
4516 8 10
4517 8 11
4518 8 12
4519 8 13
4520 8 32
4521 8 89
4522 9 10
4523 9 11
4524 9 12
4525 9 13
4526 9 78
4527 10 11
4528 10 12
4529 10 13
4530 10 53
4531 11 12
4532 11 13
4533 12 13
4534 12 153
4535 14 15
4536 15 16
4537 15 64
4538 16 17
4539 16 54
4540 16 81
4541 17 18
4542 17 95
4543 19 20
4544 19 21
4545 19 22
4546 19 23
4547 20 23
4548 20 97
4549 20 120
4550 21 23
4551 22 23
4552 22 101
4553 22 113
4554 24 25
4555 24 26
4556 24 27
4557 24 28
4558 24 126
4559 25 26
4560 25 27
4561 25 28
4562 26 27
4563 26 28
4564 26 149
4565 27 28
4566 28 85
4567 28 131
4568 28 135
4569 29 30
4570 29 31
4571 29 32
4572 29 174
4573 30 33
4574 30 162
4575 33 151
4576 33 181
4577 34 36
4578 34 37
4579 34 38
4580 34 39
4581 35 36
4582 35 37
4583 35 40
4584 35 41
4585 36 44
4586 36 55
4587 37 43
4588 38 39
4589 38 42
4590 38 43
4591 39 42
4592 39 44
4593 40 42
4594 40 43
4595 40 44
4596 41 42
4597 41 44
4598 41 184
4599 45 46
4600 45 47
4601 45 48
4602 45 135
4603 46 47
4604 46 48
4605 47 48
4606 48 99
4607 48 187
4608 49 50
4609 49 53
4610 50 51
4611 51 52
4612 52 53
4613 53 83
4614 54 55
4615 54 56
4616 54 57
4617 55 56
4618 55 57
4619 56 57
4620 58 59
4621 58 62
4622 58 63
4623 59 60
4624 59 64
4625 60 61
4626 60 65
4627 61 62
4628 61 66
4629 62 67
4630 63 68
4631 63 69
4632 63 77
4633 64 68
4634 64 72
4635 64 76
4636 65 71
4637 65 72
4638 66 70
4639 66 71
4640 67 69
4641 67 70
4642 68 73
4643 69 74
4644 70 75
4645 70 110
4646 71 76
4647 72 77
4648 73 74
4649 73 77
4650 74 75
4651 75 76
4652 76 77
4653 78 79
4654 78 82
4655 78 170
4656 79 80
4657 79 138
4658 80 81
4659 80 148
4660 81 82
4661 83 84
4662 83 88
4663 83 96
4664 84 85
4665 84 93
4666 85 86
4667 85 90
4668 86 87
4669 86 95
4670 87 88
4671 87 92
4672 88 89
4673 89 90
4674 89 94
4675 89 128
4676 90 91
4677 91 92
4678 91 96
4679 92 93
4680 93 94
4681 94 95
4682 94 136
4683 95 96
4684 97 98
4685 97 99
4686 98 100
4687 99 100
4688 99 146
4689 101 102
4690 101 103
4691 101 104
4692 101 105
4693 101 106
4694 101 107
4695 101 108
4696 101 147
4697 102 104
4698 102 105
4699 102 106
4700 102 107
4701 102 108
4702 103 104
4703 103 105
4704 103 106
4705 103 108
4706 104 105
4707 104 107
4708 104 108
4709 105 107
4710 105 108
4711 106 107
4712 106 108
4713 107 108
4714 109 111
4715 109 112
4716 109 113
4717 109 114
4718 110 111
4719 110 112
4720 110 115
4721 110 116
4722 111 117
4723 111 118
4724 111 119
4725 112 118
4726 113 117
4727 113 118
4728 113 119
4729 114 117
4730 114 119
4731 115 116
4732 115 117
4733 115 118
4734 115 138
4735 116 117
4736 116 119
4737 117 119
4738 119 133
4739 120 121
4740 120 122
4741 121 123
4742 122 123
4743 123 169
4744 124 125
4745 125 126
4746 125 128
4747 126 127
4748 127 128
4749 129 130
4750 129 131
4751 130 131
4752 131 132
4753 131 133
4754 131 145
4755 132 133
4756 134 135
4757 134 136
4758 134 137
4759 134 138
4760 134 141
4761 134 142
4762 135 136
4763 135 140
4764 135 141
4765 135 142
4766 136 138
4767 136 139
4768 136 140
4769 136 142
4770 137 138
4771 137 142
4772 137 143
4773 137 144
4774 137 145
4775 138 139
4776 138 144
4777 138 145
4778 139 140
4779 139 141
4780 139 142
4781 139 144
4782 139 145
4783 140 141
4784 140 143
4785 140 144
4786 140 145
4787 141 142
4788 141 143
4789 141 144
4790 142 143
4791 143 144
4792 143 145
4793 144 145
4794 146 147
4795 146 149
4796 146 150
4797 147 148
4798 147 150
4799 148 149
4800 148 150
4801 149 150
4802 151 152
4803 151 153
4804 151 154
4805 151 155
4806 152 153
4807 152 154
4808 152 155
4809 153 154
4810 153 155
4811 154 155
4812 156 157
4813 156 158
4814 156 159
4815 156 160
4816 156 164
4817 157 158
4818 157 162
4819 157 163
4820 157 164
4821 158 160
4822 158 161
4823 158 162
4824 159 160
4825 159 164
4826 159 165
4827 159 167
4828 160 161
4829 160 167
4830 161 162
4831 161 166
4832 161 167
4833 162 163
4834 162 166
4835 163 164
4836 163 165
4837 163 166
4838 164 165
4839 165 166
4840 165 167
4841 166 167
4842 168 169
4843 168 170
4844 168 172
4845 169 171
4846 169 173
4847 169 174
4848 170 171
4849 170 172
4850 170 173
4851 170 174
4852 171 175
4853 172 173
4854 172 174
4855 172 175
4856 173 175
4857 174 175
4858 176 178
4859 176 179
4860 176 180
4861 176 181
4862 176 182
4863 176 183
4864 177 178
4865 177 179
4866 177 180
4867 177 181
4868 177 183
4869 178 179
4870 178 180
4871 178 181
4872 178 182
4873 178 183
4874 179 180
4875 179 181
4876 179 183
4877 180 181
4878 180 182
4879 180 183
4880 181 182
4881 181 183
4882 182 183
4883 184 185
4884 184 186
4885 184 187
4886 185 186
4887 185 187
4888 186 187
313 647
4889 1 2
4890 1 3
4891 1 4
4892 1 5
4893 1 6
4894 1 8
4895 2 4
4896 2 5
4897 2 6
4898 2 7
4899 2 8
4900 3 4
4901 3 5
4902 3 6
4903 3 8
4904 3 15
4905 4 5
4906 4 6
4907 4 7
4908 4 8
4909 4 43
4910 5 6
4911 5 7
4912 5 8
4913 5 38
4914 6 7
4915 6 8
4916 6 266
4917 7 8
4918 9 10
4919 9 11
4920 9 12
4921 9 13
4922 9 14
4923 10 11
4924 10 12
4925 10 13
4926 10 15
4927 10 16
4928 10 18
4929 10 19
4930 11 12
4931 11 13
4932 11 14
4933 11 17
4934 11 19
4935 11 24
4936 12 13
4937 12 18
4938 12 19
4939 13 16
4940 13 17
4941 13 18
4942 14 17
4943 14 18
4944 14 19
4945 15 16
4946 15 17
4947 15 18
4948 15 19
4949 15 280
4950 16 17
4951 16 19
4952 17 19
4953 18 49
4954 20 22
4955 20 23
4956 20 24
4957 21 23
4958 21 24
4959 21 56
4960 22 23
4961 22 24
4962 22 291
4963 23 24
4964 23 27
4965 25 26
4966 25 27
4967 25 28
4968 25 29
4969 25 61
4970 26 28
4971 26 29
4972 28 36
4973 28 300
4974 30 31
4975 30 32
4976 30 34
4977 31 33
4978 31 35
4979 32 33
4980 32 36
4981 33 37
4982 34 35
4983 34 36
4984 34 304
4985 35 37
4986 36 37
4987 37 41
4988 37 69
4989 38 39
4990 38 40
4991 38 41
4992 39 42
4993 39 71
4994 39 311
4995 43 44
4996 43 45
4997 43 46
4998 43 75
4999 44 45
5000 44 46
5001 44 47
5002 45 46
5003 47 50
5004 47 82
5005 48 49
5006 48 50
5007 49 51
5008 50 51
5009 50 52
5010 50 87
5011 52 53
5012 52 54
5013 52 55
5014 52 56
5015 53 54
5016 53 55
5017 53 56
5018 54 55
5019 54 56
5020 55 56
5021 55 57
5022 56 90
5023 57 58
5024 57 61
5025 57 69
5026 57 96
5027 58 59
5028 59 60
5029 60 61
5030 62 63
5031 62 64
5032 62 65
5033 62 66
5034 62 67
5035 62 68
5036 62 69
5037 62 73
5038 63 64
5039 63 65
5040 63 66
5041 63 68
5042 64 65
5043 64 66
5044 64 67
5045 64 68
5046 64 69
5047 65 66
5048 65 67
5049 65 68
5050 65 69
5051 65 101
5052 66 67
5053 66 68
5054 66 69
5055 67 68
5056 67 69
5057 68 69
5058 70 71
5059 70 72
5060 70 74
5061 70 75
5062 70 76
5063 70 77
5064 71 72
5065 71 73
5066 71 74
5067 71 75
5068 71 76
5069 71 77
5070 72 73
5071 72 74
5072 72 75
5073 72 76
5074 72 77
5075 73 76
5076 73 77
5077 74 75
5078 74 77
5079 75 76
5080 75 77
5081 75 112
5082 76 77
5083 78 79
5084 78 121
5085 79 80
5086 79 81
5087 79 82
5088 82 84
5089 82 109
5090 83 85
5091 83 86
5092 83 127
5093 84 86
5094 84 89
5095 85 86
5096 86 87
5097 88 89
5098 88 90
5099 88 91
5100 88 92
5101 89 90
5102 89 91
5103 89 92
5104 90 91
5105 90 92
5106 91 92
5107 91 151
5108 92 96
5109 93 94
5110 93 95
5111 93 96
5112 93 97
5113 93 98
5114 93 99
5115 93 100
5116 94 95
5117 94 96
5118 94 97
5119 94 98
5120 94 100
5121 95 96
5122 95 97
5123 95 98
5124 96 98
5125 96 99
5126 96 100
5127 96 165
5128 97 98
5129 97 99
5130 97 100
5131 98 99
5132 98 100
5133 99 100
5134 99 108
5135 101 102
5136 101 103
5137 101 105
5138 101 106
5139 102 103
5140 102 104
5141 102 105
5142 102 106
5143 103 104
5144 103 107
5145 103 108
5146 103 194
5147 104 105
5148 104 108
5149 105 106
5150 105 107
5151 105 111
5152 106 107
5153 106 108
5154 107 108
5155 109 110
5156 109 111
5157 109 112
5158 109 113
5159 109 117
5160 109 119
5161 110 111
5162 110 115
5163 110 116
5164 110 117
5165 111 113
5166 111 114
5167 111 115
5168 111 120
5169 112 113
5170 112 117
5171 112 118
5172 112 120
5173 113 114
5174 113 120
5175 114 115
5176 114 118
5177 114 119
5178 114 120
5179 114 206
5180 115 116
5181 115 119
5182 116 117
5183 116 118
5184 116 119
5185 117 118
5186 117 120
5187 118 119
5188 118 120
5189 119 120
5190 121 122
5191 121 123
5192 121 124
5193 121 125
5194 121 210
5195 122 123
5196 122 125
5197 123 124
5198 123 125
5199 124 125
5200 124 128
5201 124 204
5202 126 127
5203 126 128
5204 126 129
5205 127 128
5206 127 129
5207 127 149
5208 128 129
5209 129 214
5210 130 132
5211 130 133
5212 130 150
5213 131 133
5214 131 134
5215 131 151
5216 132 134
5217 132 152
5218 133 153
5219 134 144
5220 135 137
5221 135 138
5222 135 154
5223 136 138
5224 136 139
5225 136 155
5226 137 139
5227 137 156
5228 138 150
5229 139 149
5230 140 142
5231 140 143
5232 140 157
5233 141 143
5234 141 144
5235 141 158
5236 142 144
5237 142 159
5238 143 160
5239 145 147
5240 145 148
5241 145 160
5242 146 148
5243 146 149
5244 146 161
5245 147 149
5246 147 162
5247 148 163
5248 150 151
5249 150 156
5250 151 152
5251 152 153
5252 153 157
5253 154 155
5254 154 163
5255 155 156
5256 157 158
5257 158 159
5258 159 160
5259 160 161
5260 161 162
5261 162 163
5262 163 189
5263 163 220
5264 164 165
5265 164 166
5266 164 171
5267 165 168
5268 165 177
5269 166 167
5270 166 172
5271 167 170
5272 167 173
5273 168 169
5274 168 176
5275 168 229
5276 169 170
5277 169 175
5278 170 174
5279 171 183
5280 171 188
5281 172 184
5282 172 187
5283 173 178
5284 173 186
5285 174 179
5286 174 185
5287 175 180
5288 175 191
5289 176 181
5290 176 190
5291 177 182
5292 177 189
5293 178 181
5294 178 182
5295 179 182
5296 179 183
5297 180 183
5298 180 184
5299 180 201
5300 181 184
5301 185 187
5302 185 190
5303 186 188
5304 186 191
5305 187 189
5306 188 190
5307 189 191
5308 192 194
5309 192 195
5310 192 196
5311 192 197
5312 193 194
5313 193 195
5314 193 198
5315 193 199
5316 193 207
5317 194 196
5318 194 202
5319 195 201
5320 196 200
5321 196 201
5322 197 200
5323 197 202
5324 198 200
5325 198 201
5326 199 200
5327 199 202
5328 200 230
5329 203 204
5330 204 205
5331 204 207
5332 204 257
5333 205 206
5334 206 207
5335 208 209
5336 208 210
5337 208 211
5338 208 213
5339 208 260
5340 209 212
5341 210 211
5342 210 265
5343 213 214
5344 213 215
5345 213 216
5346 213 219
5347 214 215
5348 214 216
5349 214 273
5350 215 216
5351 217 218
5352 217 219
5353 217 220
5354 217 221
5355 217 222
5356 217 223
5357 217 226
5358 218 219
5359 218 220
5360 218 221
5361 218 222
5362 218 224
5363 219 220
5364 219 221
5365 219 222
5366 219 224
5367 219 285
5368 220 222
5369 220 223
5370 220 224
5371 221 222
5372 221 223
5373 221 224
5374 222 223
5375 222 224
5376 223 224
5377 225 226
5378 225 227
5379 225 228
5380 226 229
5381 227 234
5382 227 299
5383 230 231
5384 230 232
5385 230 233
5386 230 234
5387 231 232
5388 231 233
5389 231 234
5390 232 233
5391 232 234
5392 233 234
5393 233 251
5394 233 304
5395 235 236
5396 235 264
5397 236 237
5398 237 238
5399 237 263
5400 238 239
5401 238 264
5402 239 240
5403 240 241
5404 241 242
5405 242 243
5406 243 244
5407 243 307
5408 244 245
5409 245 246
5410 245 247
5411 246 247
5412 247 248
5413 248 249
5414 249 250
5415 249 253
5416 250 251
5417 251 252
5418 252 253
5419 253 254
5420 254 255
5421 255 256
5422 255 258
5423 256 257
5424 257 258
5425 258 259
5426 259 260
5427 260 261
5428 261 262
5429 262 263
5430 263 264
5431 265 266
5432 265 267
5433 265 268
5434 265 269
5435 265 313
5436 266 267
5437 266 268
5438 267 268
5439 267 269
5440 268 269
5441 269 276
5442 270 271
5443 270 275
5444 270 283
5445 271 272
5446 271 280
5447 272 273
5448 272 277
5449 273 274
5450 273 282
5451 274 275
5452 274 279
5453 275 276
5454 276 277
5455 276 281
5456 277 278
5457 278 279
5458 278 283
5459 278 286
5460 279 280
5461 280 281
5462 281 282
5463 282 283
5464 284 285
5465 284 286
5466 284 287
5467 284 288
5468 284 289
5469 284 292
5470 285 286
5471 285 290
5472 285 291
5473 285 292
5474 285 293
5475 286 288
5476 286 289
5477 286 290
5478 287 288
5479 287 292
5480 287 293
5481 287 295
5482 288 289
5483 288 292
5484 288 295
5485 289 290
5486 289 294
5487 289 295
5488 290 291
5489 290 293
5490 290 294
5491 290 295
5492 291 292
5493 291 293
5494 291 294
5495 291 296
5496 292 293
5497 293 294
5498 293 295
5499 294 295
5500 296 298
5501 296 300
5502 296 301
5503 297 299
5504 297 300
5505 298 300
5506 299 300
5507 301 302
5508 301 303
5509 301 304
5510 301 305
5511 302 303
5512 302 304
5513 302 305
5514 303 304
5515 303 305
5516 304 305
5517 304 309
5518 306 307
5519 306 308
5520 306 310
5521 307 309
5522 307 311
5523 307 312
5524 307 313
5525 308 309
5526 308 310
5527 308 311
5528 308 312
5529 308 313
5530 309 312
5531 309 313
5532 310 311
5533 310 312
5534 311 313
5535 312 313
