9
52 32 39
37
4 28 1
4 4 1
11 15 6
32 31 13
12 13 24
2 24 12
4 10 32
32 4 1
2 11 4
8 32 1
32 23 1
1 8 10
10 24 1
15 32 1
12 26 6
1 32 1
1 32 1
32 9 9
11 2 7
4 1 11
21 1 4
12 2 6
1 6 12
6 32 6
3 6 32
12 6 1
12 6 2
1 2 4
4 2 3
7 1 4
7 1 4
14 32 3
9 32 14
24 32 35
5 24 32
1 15 1
1 7 15
65 49 45
40
4 65 20
33 49 21
29 12 1
1 49 43
36 7 6
1 20 29
29 20 1
25 20 4
1 49 1
49 15 1
1 6 1
44 49 17
1 47 1
4 14 7
4 14 31
65 29 8
29 3 65
13 29 44
29 2 1
29 6 1
31 2 3
3 49 16
4 7 4
1 1 1
1 1 3
4 13 1
13 4 3
47 4 1
31 1 12
12 31 2
33 20 13
20 11 13
1 1 29
1 18 1
14 1 2
1 14 5
49 28 1
28 49 2
1 1 1
1 1 1
13 1 36
36
13 6 1
1 1 4
11 1 2
1 1 4
1 9 1
1 1 2
3 1 5
7 1 1
1 1 6
1 1 1
2 1 1
12 1 10
1 1 3
6 1 1
1 6 1
1 2 4
2 1 4
1 2 1
7 1 1
7 1 1
1 1 2
1 2 1
1 6 3
1 1 3
1 1 2
3 1 3
1 2 3
11 4 1
11 1 2
1 1 2
2 1 1
2 1 1
8 1 1
5 1 1
6 1 1
6 1 3
63 60 40
30
31 7 35
26 35 1
26 1 25
31 3 4
15 19 9
33 1 37
1 37 27
31 34 17
19 4 12
19 4 4
23 34 18
8 9 18
3 4 25
3 4 35
31 19 4
31 19 18
16 17 3
3 16 2
3 2 14
13 14 2
16 1 5
5 16 1
24 8 18
1 18 8
2 31 4
31 14 4
60 32 33
32 60 2
4 60 42
18 60 4
30 14 54
29
2 11 25
12 17 11
37 3 14
14 17 3
14 11 6
4 11 14
11 9 3
6 3 2
3 2 6
2 5 12
12 5 2
1 27 12
15 27 12
3 14 27
5 14 27
7 11 2
7 1 11
2 1 11
2 11 2
5 14 27
14 3 27
12 1 1
12 1 1
12 14 11
14 11 7
1 16 27
16 1 27
3 7 4
3 2 7
10 4 3
29
1 4 1
1 1 4
3 1 1
1 1 1
1 1 1
1 1 1
3 1 2
1 2 1
1 2 1
1 1 1
1 1 1
8 4 1
8 1 1
1 8 1
1 1 1
1 1 1
1 2 1
1 2 1
1 1 2
1 2 1
1 2 1
1 4 1
1 4 1
1 1 1
1 1 1
1 4 1
1 1 4
2 7 1
1 2 1
54 30 48
28
1 16 48
42 30 1
30 27 1
2 30 5
1 1 30
1 5 36
5 12 1
50 3 30
6 50 7
1 18 5
2 1 12
3 12 1
1 1 13
1 1 17
2 1 1
1 28 1
2 23 6
48 23 6
9 1 19
1 9 29
1 37 18
37 12 1
1 8 30
30 1 12
28 39 8
28 22 39
22 23 30
30 22 16
29 11 38
30
30 15 7
14 7 30
1 1 30
6 1 30
27 1 11
21 1 30
1 1 30
7 1 6
1 6 23
6 2 17
3 4 27
4 11 29
11 29 4
1 2 30
1 12 2
5 1 12
1 6 1
6 1 1
22 3 2
22 1 3
5 1 10
27 2 1
2 3 7
7 3 25
10 1 27
10 1 27
1 1 10
20 1 1
1 1 5
5 1 1
14 43 64
33
3 1 1
10 15 43
1 2 2
2 2 2
7 2 1
33 2 2
1 6 1
1 27 1
14 43 7
43 14 22
1 29 4
3 43 3
1 43 12
2 4 1
2 1 4
1 23 1
1 1 10
14 25 4
4 14 4
2 1 1
1 1 1
11 12 2
2 32 12
6 43 20
43 20 5
14 1 3
1 1 14
3 3 7
36 3 3
2 2 1
2 2 2
4 13 14
4 1 14

