6
7 6 41
30
3 10 1
3 5 10
1 6 7
3 6 2
4 6 3
1 6 1
6 1 6
2 6 3
3 6 2
1 4 1
2 1 4
1 6 19
1 1 5
1 1 1
4 1 8
19 1 4
6 5 6
1 3 1
4 1 5
7 5 4
1 1 1
2 1 1
5 6 1
6 1 1
6 3 5
5 16 6
2 10 1
1 2 9
2 6 2
2 6 2
29 49 56
43
35 19 49
6 22 49
3 49 21
4 49 10
10 49 5
4 2 10
13 3 49
22 1 5
33 4 21
3 32 32
3 15 35
34 35 3
8 4 9
3 17 4
3 17 1
1 9 10
27 3 1
1 27 14
2 17 19
2 17 8
5 7 24
13 24 5
1 7 21
7 3 21
5 6 22
1 13 1
2 10 21
24 2 10
7 1 40
1 10 7
7 48 10
3 6 1
34 1 3
22 18 1
4 18 22
1 49 35
35 49 3
3 2 24
2 24 2
3 6 13
3 3 13
2 1 8
11 8 1
45 55 52
16
31 21 52
8 16 52
8 2 52
2 8 52
10 23 10
10 23 10
23 20 7
23 20 35
52 2 43
52 33 2
43 2 52
33 2 52
52 50 5
40 52 5
5 50 52
5 40 52
51 36 49
40
51 36 9
2 22 4
8 9 22
8 3 22
1 22 29
29 22 1
51 9 7
18 51 7
3 22 4
3 22 4
1 1 36
1 36 1
5 2 36
1 1 36
1 4 2
1 2 1
1 36 1
1 1 36
51 4 7
7 51 2
10 14 2
39 14 2
6 4 49
49 10 6
1 22 6
3 22 6
17 1 1
2 19 6
25 17 51
25 19 51
3 6 1
1 3 6
1 30 1
1 6 1
51 6 3
1 3 51
1 1 12
1 5 1
21 22 6
6 7 22
37 5 49
49
30 1 49
1 36 8
12 1 4
1 1 49
16 4 3
4 2 1
4 4 3
17 4 6
37 2 1
37 1 1
37 1 1
1 6 22
27 1 6
7 1 33
7 1 33
1 1 1
1 1 3
16 4 4
33 16 2
1 4 8
9 4 1
37 2 3
2 1 6
10 2 33
1 3 37
3 1 37
33 1 8
8 1 3
1 2 1
2 1 1
1 2 9
2 33 8
9 2 33
10 1 1
1 1 1
5 1 1
3 9 1
3 7 1
13 1 33
4 2 4
2 4 4
13 1 23
13 10 1
1 1 24
1 1 24
2 10 24
2 10 9
5 4 1
1 1 4
48 33 44
35
5 48 39
27 24 9
9 24 13
42 9 8
44 17 15
15 11 44
48 4 20
48 3 4
17 4 23
20 42 15
23 1 7
23 3 7
25 24 1
34 4 2
14 2 4
40 18 6
2 6 40
2 2 24
3 5 20
8 1 1
8 8 1
48 3 1
1 9 4
4 9 1
23 2 5
1 2 17
31 2 1
15 15 2
5 15 2
24 20 3
3 11 20
1 1 24
24 1 24
23 1 19
23 1 19
