5
14 26 15
49
9 26 7
6 3 13
2 26 9
5 1 2
2 1 5
21 5 4
26 3 1
24 5 1
24 5 1
4 26 2
3 1 26
1 9 6
4 6 9
1 1 3
12 1 3
1 26 4
2 4 5
1 12 6
1 1 6
2 5 4
2 5 11
4 1 13
13 1 1
5 1 1
3 5 1
13 1 6
3 1 3
1 26 3
4 10 3
4 3 3
3 2 1
3 1 3
3 4 1
13 5 1
13 1 5
5 14 2
5 1 2
2 4 4
4 4 3
3 26 1
1 26 3
1 1 4
1 4 1
2 21 1
2 21 3
3 10 6
3 6 3
4 3 1
4 2 3
4 34 24
41
1 34 24
2 1 31
31 14 1
3 1 11
1 3 2
3 1 31
1 31 3
1 2 31
2 1 9
3 16 1
13 1 3
1 1 11
1 30 9
1 2 1
6 2 1
2 1 4
1 1 9
1 6 3
1 14 9
1 31 4
1 31 4
8 14 1
1 1 17
1 14 1
28 1 4
1 4 3
9 1 11
1 22 2
6 1 2
1 3 1
1 4 3
24 1 3
24 3 1
3 1 1
3 1 1
1 18 5
1 18 4
6 1 1
1 8 1
7 1 3
1 24 3
6 22 40
11
28 1 22
1 18 12
12 1 1
1 3 4
1 3 8
5 1 12
5 21 7
5 21 5
28 22 4
1 19 28
1 3 28
16 27 1
33
2 4 1
5 1 2
1 1 27
6 1 6
3 5 1
1 2 5
1 5 1
10 4 1
3 1 12
2 12 1
1 1 24
3 1 1
1 1 1
1 4 2
2 2 1
5 4 1
1 4 1
1 1 5
4 1 1
1 10 5
1 10 1
2 4 1
1 1 1
1 1 1
1 3 1
3 1 4
1 21 1
1 6 1
1 1 13
1 1 11
1 2 1
3 2 1
1 2 2
32 3 7
40
1 1 7
29 1 7
1 1 1
1 1 1
1 1 1
2 3 1
3 1 2
2 1 1
1 2 10
3 1 1
1 1 3
2 3 1
1 1 3
1 1 2
1 3 2
1 3 1
1 1 1
1 29 1
1 26 1
1 1 26
8 1 2
5 1 2
1 1 2
1 1 2
3 1 1
4 2 1
3 1 25
25 1 3
2 5 1
4 1 2
4 1 2
1 1 29
2 2 1
2 1 2
17 1 1
12 1 1
10 1 1
19 1 1
1 1 2
3 1 1
