12
8 23 8
21
1 1 15
1 8 3
1 2 7
6 13 7
2 6 1
6 1 5
1 7 23
1 23 7
4 7 1
1 1 7
1 2 7
1 2 3
1 2 4
5 3 1
5 1 5
4 6 7
2 6 7
2 1 2
5 2 1
1 4 5
4 6 5
15 32 13
18
1 32 10
2 32 10
32 4 7
6 32 3
3 9 32
1 2 32
32 8 1
32 3 3
3 32 2
1 1 32
18 4 10
4 14 10
2 18 8
14 8 2
1 4 17
15 4 1
32 3 1
3 32 1
14 42 41
16
14 33 41
14 6 14
14 3 22
6 8 5
7 28 1
7 2 28
3 3 28
28 4 3
5 2 6
4 5 6
4 3 9
3 5 4
9 3 7
9 7 3
14 1 22
22 2 14
50 28 65
1
65 50 28
46 7 26
16
26 46 1
46 16 6
46 2 5
14 1 5
32 1 5
46 1 1
46 1 1
46 3 1
5 19 1
19 1 5
5 2 9
18 5 2
2 6 5
5 9 6
35 1 5
35 5 5
58 10 16
19
2 9 10
2 10 6
10 2 2
58 1 2
58 6 7
6 2 58
6 1 58
22 6 1
3 1 36
5 1 3
31 1 3
23 7 2
16 2 7
3 39 1
1 3 39
2 10 1
2 10 1
8 5 9
53 8 9
42 29 61
19
42 55 24
61 3 40
19 2 25
2 19 23
24 6 2
40 24 6
19 2 13
21 2 23
23 12 2
1 3 9
3 1 61
1 2 9
1 9 1
20 1 9
20 1 9
51 1 3
1 3 10
13 2 23
6 23 2
28 61 61
12
28 8 61
28 39 15
10 28 38
28 38 18
22 9 5
28 33 30
5 23 22
23 4 22
28 17 8
16 8 28
28 22 2
28 22 4
13 5 59
12
3 5 13
56 5 3
7 2 26
2 7 7
2 5 17
17 1 5
7 1 23
1 7 23
1 3 56
6 3 56
7 3 5
3 5 32
49 4 37
19
13 1 37
1 36 37
45 2 1
4 1 1
1 16 37
1 1 1
3 1 1
19 9 1
1 49 6
49 1 4
27 1 38
19 23 1
19 1 5
43 35 1
6 1 35
11 1 18
11 1 9
1 4 37
1 10 37
45 24 11
16
45 12 1
45 7 1
6 45 24
10 2 1
35 2 1
1 18 1
18 2 1
45 22 1
45 4 3
18 1 45
2 18 45
1 27 1
27 1 1
1 27 1
45 2 1
45 2 3
42 49 33
17
28 11 33
2 29 33
28 40 33
40 1 33
21 1 2
2 41 5
1 12 1
9 1 1
1 1 3
3 11 33
9 11 33
4 7 42
29 7 42
41 28 1
41 1 28
2 1 33
10 2 33
