7
3 16 41
41
1 3 18
3 1 13
1 1 3
1 4 1
1 1 4
20 1 3
1 1 19
1 5 1
1 1 1
1 1 1
1 2 2
1 1 2
1 2 8
3 10 15
3 15 2
1 1 1
2 1 2
7 2 1
1 5 1
1 1 5
4 2 1
1 2 15
2 15 2
1 1 15
2 1 15
3 1 3
1 1 1
1 1 1
13 1 3
3 1 13
3 11 7
3 19 11
1 1 4
1 4 1
1 1 1
1 1 1
2 3 10
1 2 3
1 1 3
2 3 1
2 3 2
47 67 29
30
67 18 13
3 67 2
4 4 6
1 1 67
14 67 8
4 14 67
4 67 14
2 1 4
1 2 2
1 42 6
4 7 67
29 2 43
27 43 29
3 14 6
3 5 6
3 1 1
3 5 1
1 61 3
1 61 3
6 42 1
1 42 6
4 63 1
1 4 1
4 3 1
4 3 1
3 1 2
29 24 24
24 29 5
1 15 1
1 52 1
65 15 7
29
65 1 9
1 65 8
1 8 65
65 6 1
32 6 6
32 1 1
32 1 2
33 8 1
11 1 8
21 2 1
3 3 3
1 2 33
1 1 33
3 1 2
1 20 6
33 5 6
1 3 5
1 1 1
2 1 1
1 2 1
1 4 1
3 2 2
3 2 3
8 9 3
3 9 50
4 3 7
2 3 4
1 33 1
1 33 5
29 17 9
34
9 1 29
4 1 5
6 9 9
2 3 3
29 1 5
1 20 6
20 4 5
29 5 1
14 1 5
3 1 5
4 8 5
6 4 5
11 2 5
11 3 5
2 1 5
5 1 2
20 3 3
29 5 1
29 5 1
20 5 1
13 3 3
7 3 3
2 2 1
2 2 1
1 3 2
1 3 3
1 2 1
1 2 1
29 2 4
29 2 5
14 3 9
9 15 3
1 20 1
1 4 20
53 41 61
34
53 1 41
53 41 2
41 54 41
4 15 41
20 1 13
41 18 1
12 41 15
12 2 41
41 5 6
1 4 2
4 3 2
41 3 27
9 27 41
5 6 41
7 28 4
13 28 4
4 2 7
39 1 12
2 1 3
20 3 9
1 1 1
1 1 1
1 20 3
20 3 3
18 41 1
1 6 31
1 2 31
31 1 4
38 18 2
2 18 3
1 10 6
6 10 1
12 39 2
39 12 1
20 19 75
28
20 8 26
20 19 25
20 9 9
14 10 8
20 2 3
26 19 6
14 7 1
3 17 20
3 20 17
9 15 18
12 11 1
1 11 14
19 2 5
10 6 4
5 10 3
5 3 10
20 1 3
3 9 1
3 5 1
5 19 23
19 5 1
5 17 9
1 3 9
2 1 9
9 11 1
9 9 1
1 16 3
4 1 3
79 44 57
40
79 18 12
10 69 39
9 64 4
8 9 1
6 34 39
18 18 2
18 5 60
21 9 1
44 3 19
18 1 4
4 4 18
12 44 1
27 44 1
54 9 13
1 35 1
9 2 7
15 14 14
14 15 4
5 44 11
34 12 39
51 34 39
77 6 15
77 1 15
77 2 15
77 9 4
77 9 14
9 17 3
60 3 9
1 2 35
1 6 35
37 2 44
2 2 44
11 44 1
1 11 44
7 9 13
3 9 13
7 42 6
42 3 7
31 19 4
19 4 13
