18
2 3 5
3
2 3 2
2 2 3
1 3 2
2 16 18
7
2 8 18
1 7 8
1 10 7
1 7 17
1 7 1
1 18 1
1 1 18
2 19 6
4
1 19 1
1 1 19
2 5 11
2 8 5
16 20 14
13
8 6 16
14 16 8
20 1 6
3 20 1
20 3 1
1 20 6
20 6 1
20 3 6
1 20 6
2 4 20
4 20 4
2 20 4
4 20 4
2 7 19
8
1 5 19
1 19 2
2 1 7
1 2 1
19 3 1
1 19 2
11 1 1
1 1 11
9 13 4
2
9 13 1
9 13 3
18 6 8
6
1 18 6
18 1 7
5 14 7
1 5 7
3 5 1
3 5 6
14 10 8
13
14 10 1
1 2 4
7 14 4
7 4 14
13 4 1
4 1 13
1 3 1
2 1 3
3 8 2
4 1 3
4 1 3
1 1 1
1 1 2
7 8 8
9
1 8 8
1 3 8
1 5 8
1 1 8
4 2 1
4 6 1
3 5 7
3 5 7
2 5 7
15 15 4
13
15 15 1
3 1 15
2 1 3
13 7 3
1 3 7
3 7 1
6 5 1
2 6 2
3 2 6
10 6 1
10 6 2
1 6 3
1 3 7
15 15 20
15
9 20 15
20 5 10
20 1 10
5 1 4
4 5 2
5 6 4
6 5 1
2 6 5
5 4 6
6 2 4
6 1 2
3 4 3
2 3 4
2 3 6
6 3 3
10 12 15
1
15 12 10
16 14 11
11
1 11 14
12 14 2
2 7 11
1 7 11
7 14 12
12 14 2
3 1 7
1 7 4
7 2 4
3 3 6
6 3 4
5 2 7
5
3 2 2
2 2 2
5 1 5
5 1 1
4 1 5
16 13 13
9
7 13 7
10 9 8
13 3 6
8 3 1
1 3 5
10 9 1
4 10 9
6 3 16
16 3 7
15 5 9
5
3 6 15
15 5 2
2 1 15
1 5 15
15 2 5
20 6 19
8
20 6 1
20 2 5
5 4 20
4 10 6
6 10 9
2 10 13
4 2 13
8 4 13
4 12 2
4
1 12 1
1 1 12
12 2 2
1 2 12
