15
45 25 37
25
37 42 25
1 3 21
25 1 16
2 11 21
6 11 2
18 3 1
9 2 11
25 2 1
2 25 5
3 1 3
2 8 6
1 22 20
1 1 22
1 3 1
2 1 1
1 2 5
1 1 3
2 1 3
2 25 2
2 3 8
8 22 2
1 6 2
6 1 2
1 3 14
1 3 3
56 38 56
30
48 56 1
38 2 4
7 4 12
1 4 35
35 4 23
38 1 6
35 4 11
1 4 35
17 2 8
2 2 35
2 2 35
1 30 17
14 1 6
8 1 3
8 1 53
16 1 6
1 8 6
11 4 9
3 4 11
19 56 29
4 38 2
11 38 2
56 6 14
14 50 56
41 19 27
15 27 19
30 1 16
30 1 1
18 12 4
4 18 32
63 38 19
28
1 38 12
12 9 3
18 8 3
2 4 30
4 3 30
12 8 1
12 1 1
38 1 1
11 38 1
4 51 2
21 29 13
18 1 1
18 1 2
16 34 2
35 34 2
30 3 24
24 30 1
1 1 9
13 38 29
13 9 38
4 13 38
13 6 21
3 5 21
21 3 8
17 1 8
17 1 1
23 4 38
38 4 10
14 59 5
20
5 33 14
14 15 3
1 12 2
12 12 1
12 12 1
5 2 1
3 5 6
5 8 3
6 4 5
1 5 6
7 3 5
7 2 5
2 14 5
3 2 14
5 1 5
5 1 7
1 12 1
1 12 1
3 5 1
1 5 2
50 51 23
27
7 30 22
50 6 13
31 1 10
50 23 12
50 3 23
31 2 1
2 31 1
24 16 1
19 1 21
19 2 1
4 30 22
10 1 50
50 5 10
1 19 5
1 8 18
18 1 11
9 19 21
23 10 9
23 10 12
19 20 22
20 22 11
11 23 7
8 7 23
8 21 4
1 21 4
16 1 1
1 16 6
27 33 15
26
27 17 5
12 27 9
27 6 12
10 8 1
10 9 7
5 6 10
1 10 4
1 4 12
9 1 1
9 9 1
10 12 4
2 4 12
10 3 1
1 1 10
4 4 3
14 15 2
2 14 15
13 19 10
19 4 10
2 4 3
2 6 10
1 7 4
5 1 10
1 1 10
5 2 4
2 2 4
7 37 11
23
7 20 1
1 17 2
7 5 7
7 20 6
3 1 16
3 1 1
7 4 3
1 12 7
7 3 16
7 12 4
3 8 3
4 8 3
1 20 6
1 1 20
9 2 6
9 1 2
9 4 1
3 1 8
1 3 1
1 2 7
10 2 1
1 12 7
1 12 7
20 2 6
24
1 7 1
5 1 1
1 4 7
1 1 2
3 1 5
1 1 1
1 1 1
3 1 2
9 1 2
9 1 3
2 1 1
1 1 11
10 1 5
1 1 5
1 1 1
1 1 1
1 5 1
5 1 1
7 1 1
5 1 7
1 1 1
1 1 1
1 4 1
1 1 2
50 54 7
17
54 3 7
7 11 4
1 8 2
2 7 5
5 2 4
3 1 2
21 54 1
1 26 54
43 5 47
1 43 47
1 8 1
1 8 1
2 11 40
11 39 4
4 11 1
1 2 2
2 1 1
31 53 28
17
31 24 53
1 21 53
31 3 3
1 31 10
10 22 1
31 50 1
2 11 16
15 2 18
2 14 13
13 39 2
39 2 2
39 1 1
1 39 1
2 14 1
14 1 2
2 5 15
15 13 2
51 54 59
22
25 1 59
33 25 59
59 3 15
15 51 59
50 54 3
19 59 16
19 9 37
9 19 22
32 9 1
1 22 9
6 9 54
54 2 9
1 54 9
6 54 50
50 54 1
25 1 51
25 8 1
1 54 47
1 54 2
1 54 7
54 1 2
54 1 1
52 37 58
23
9 8 34
8 36 2
15 1 1
7 1 15
8 37 5
2 36 8
1 8 35
35 2 8
1 34 26
27 4 8
9 8 4
14 5 34
12 5 34
8 3 8
21 8 7
7 15 8
26 1 34
8 4 3
8 25 3
44 37 28
44 30 37
1 26 28
6 26 1
11 24 52
16
2 7 18
24 25 3
11 6 18
18 11 11
9 11 8
13 8 9
3 7 7
6 7 7
21 3 1
1 3 3
2 8 24
1 24 8
11 5 7
7 4 11
8 24 8
8 24 17
49 51 38
17
1 11 6
1 9 6
43 13 38
43 38 25
15 38 13
16 5 51
5 51 21
12 38 13
37 1 33
1 13 18
1 24 18
6 1 9
16 4 13
13 8 34
8 34 13
22 3 1
1 22 3
15 63 47
21
44 61 15
47 1 1
15 1 8
5 61 1
2 1 23
5 2 10
1 11 1
11 12 1
1 13 14
14 13 1
5 35 2
3 1 47
11 1 47
4 2 16
1 1 16
1 1 13
1 1 3
3 50 10
3 10 11
2 1 2
14 1 2
