18
9 38 58
10
1 38 50
3 6 38
3 38 2
38 49 2
6 4 58
58 6 34
1 1 1
1 1 1
37 1 1
37 1 1
46 50 9
12
31 50 9
15 14 1
15 36 1
11 31 5
11 3 31
11 7 8
7 12 8
4 8 12
2 4 49
6 4 49
1 5 4
3 1 4
33 1 22
13
5 1 1
9 1 1
1 1 1
1 1 18
11 1 19
1 4 1
1 1 5
21 1 1
3 1 1
1 1 1
32 1 1
5 19 1
17 1 19
60 2 13
15
2 60 11
60 1 1
1 1 33
1 1 33
47 1 1
1 25 1
1 1 1
1 1 1
1 1 1
1 1 1
19 1 1
11 1 1
1 2 1
1 1 5
1 1 1
22 10 27
9
1 3 27
3 1 27
27 2 9
22 6 27
10 27 1
22 27 1
22 1 27
3 27 1
7 27 1
24 52 58
13
52 4 58
52 7 52
41 1 7
13 58 51
13 14 1
52 1 5
17 6 5
6 35 5
7 5 1
13 1 13
13 1 31
1 6 1
6 6 1
29 56 24
10
24 17 15
15 39 24
1 19 56
3 56 11
56 5 2
2 56 5
3 56 3
3 56 5
2 56 24
56 8 24
49 8 53
11
49 19 8
49 5 8
8 18 1
28 49 3
1 8 5
16 1 28
1 33 28
26 1 2
6 26 1
28 34 4
4 15 28
18 35 55
12
18 6 55
29 7 17
11 29 25
25 29 1
23 29 1
23 29 16
5 29 5
9 29 1
15 5 20
5 14 20
1 16 46
1 13 46
17 64 49
13
17 20 16
17 11 27
17 12 38
5 20 33
20 12 33
12 10 17
1 17 12
6 1 21
16 21 6
17 6 22
17 5 22
17 21 7
36 21 17
49 7 8
9
8 1 49
49 2 8
49 1 4
2 20 4
5 4 20
23 4 3
23 4 4
3 4 7
4 7 3
31 37 6
13
10 37 1
2 14 22
2 14 1
35 1 14
4 1 17
4 4 1
1 16 4
17 5 37
17 37 1
1 14 37
14 37 1
14 1 15
14 15 1
26 18 52
14
18 11 52
10 38 4
8 1 14
1 7 14
15 2 14
15 1 14
5 1 38
5 3 38
15 12 14
15 12 10
12 15 28
15 2 10
15 42 1
15 1 42
26 8 10
10
6 2 3
3 6 1
6 6 2
1 6 6
1 6 1
6 2 1
23 5 6
6 23 5
10 1 26
1 26 10
8 9 21
12
9 1 21
1 2 21
1 2 21
1 16 1
5 1 1
1 21 7
1 7 21
1 8 15
6 8 1
21 4 4
1 5 21
21 5 3
33 8 23
14
20 6 22
4 9 6
6 17 1
22 6 1
16 1 1
5 1 16
6 13 2
2 6 13
8 8 6
5 2 23
9 6 8
8 6 5
28 23 1
1 28 23
65 61 53
12
61 2 53
53 61 2
16 61 53
53 23 31
5 53 61
30 3 53
30 53 20
6 19 53
53 42 6
11 31 53
11 53 9
53 11 21
59 16 48
12
7 53 48
53 9 13
1 4 17
4 17 1
4 4 17
9 20 35
35 9 33
2 48 12
48 12 3
1 12 48
6 2 31
6 2 31
