10
59 1 22
38
1 1 16
7 1 1
14 1 15
1 1 21
5 1 1
1 3 1
5 1 1
2 1 1
1 1 1
1 1 1
1 1 1
1 1 1
1 1 1
6 1 1
1 1 2
2 5 1
1 1 1
1 1 1
9 1 1
4 1 41
4 1 4
9 1 2
45 9 1
45 1 6
9 1 2
1 1 2
3 1 1
1 27 1
1 2 1
9 1 1
1 9 1
3 1 1
1 6 1
1 5 1
9 1 1
9 1 1
4 3 1
4 2 1
20 12 57
27
57 8 14
13 1 57
6 1 57
1 3 57
1 57 1
3 1 57
1 57 1
4 1 57
4 3 57
6 1 43
52 13 2
4 4 1
1 4 53
2 1 5
1 57 6
5 6 57
1 4 14
1 6 16
41 1 6
57 1 1
57 1 2
1 4 55
1 4 2
12 1 5
12 1 5
14 1 1
14 1 1
16 51 55
20
16 21 55
6 10 1
6 2 10
6 6 1
10 54 10
10 1 10
10 6 2
6 42 1
16 1 35
16 1 20
1 2 42
4 1 42
5 55 18
18 11 55
1 4 6
6 6 1
16 11 1
38 1 16
3 8 52
52 8 3
25 7 62
20
3 62 5
14 1 19
62 1 2
19 6 3
18 1 20
1 1 20
19 4 6
44 19 6
1 7 62
1 7 37
25 7 1
19 5 11
19 1 11
19 1 14
14 1 19
2 2 29
33 2 1
33 2 1
1 50 7
1 7 12
45 7 17
24
17 26 5
11 19 7
5 7 6
22 17 1
4 7 6
4 1 13
4 3 1
4 1 2
3 7 6
5 7 7
3 1 3
8 17 1
4 1 1
1 1 4
1 1 3
1 1 1
1 1 1
2 1 1
2 4 1
8 1 4
1 1 7
6 7 1
1 6 17
8 1 17
12 18 12
27
5 3 12
1 12 13
1 3 6
7 1 3
3 1 12
10 6 13
1 2 5
5 1 1
12 2 1
1 12 1
7 2 6
2 2 6
2 3 6
1 12 2
1 12 2
5 3 3
3 3 7
4 2 3
10 6 7
10 6 6
6 2 4
3 2 4
1 10 13
1 2 13
3 1 4
1 2 2
2 1 1
25 32 6
21
1 25 1
1 25 1
4 25 12
1 7 25
2 24 25
1 25 2
7 25 1
13 25 1
1 6 25
1 25 1
25 3 1
25 3 1
25 1 1
13 3 22
2 13 3
1 13 3
1 7 16
9 7 1
5 5 1
20 1 1
1 4 20
6 1 44
20
1 1 44
42 1 1
2 2 1
1 1 2
1 3 1
1 1 1
1 1 4
1 1 36
1 1 1
1 1 1
1 1 1
1 1 1
17 2 1
1 1 1
1 1 1
1 1 25
1 1 25
1 1 26
1 1 7
5 1 1
23 37 19
23
19 37 1
1 37 19
1 1 14
19 1 17
1 20 17
20 1 1
37 18 2
18 37 17
1 17 7
2 1 17
1 10 1
1 1 5
36 5 1
5 1 37
1 37 5
14 1 26
9 15 1
1 9 1
1 1 1
1 14 4
14 6 1
1 9 4
1 9 1
33 51 30
24
30 2 5
30 24 2
18 44 24
24 44 3
28 3 49
12 5 33
8 2 33
2 2 30
2 2 30
8 44 11
11 42 16
49 5 2
5 49 1
1 49 2
31 49 1
41 33 1
41 33 1
16 11 1
1 11 16
1 44 2
7 5 33
33 5 5
1 44 14
8 44 1
